nbProcess = 3;
nbJobs = 50;
nbMchs = 20;
Process1 =  [3 3 3 3 3 3 3 3 3 3 3 3 3 3 3 3 3 3 3 3 3 3 3 3 3 3 3 3 3 3 3 3 3 3 3 3 3
     3 3 3 3 3 3 3 3 3 3 3 3 3];
pidle =  [3 3 3 2 1 3 3 1 3 1 1 3 3 3 2 2 1 1 3 3];
EnergyS =  [60 60 10 10 30 10 10 60 30 60 60 10 10 60 60 60 10 60 30 60];
TB =  [16 12 8 16 12 8 12 8 8 16 16 16 16 8 8 12 16 12 16 16];
x =  [[[1 0 0]
             [1 0 0]
             [1 0 0]
             [1 0 0]
             [1 0 0]
             [1 0 0]
             [1 0 0]
             [1 0 0]
             [1 0 0]
             [1 0 0]
             [1 0 0]
             [1 0 0]
             [1 0 0]
             [1 0 0]
             [1 0 0]
             [1 0 0]
             [1 0 0]
             [1 0 0]
             [1 0 0]
             [1 0 0]
             [1 0 0]
             [1 0 0]
             [1 0 0]
             [1 0 0]
             [1 0 0]
             [1 0 0]
             [1 0 0]
             [1 0 0]
             [1 0 0]
             [1 0 0]
             [1 0 0]
             [1 0 0]
             [1 0 0]
             [1 0 0]
             [1 0 0]
             [1 0 0]
             [1 0 0]
             [1 0 0]
             [1 0 0]
             [1 0 0]
             [1 0 0]
             [1 0 0]
             [1 0 0]
             [1 0 0]
             [1 0 0]
             [1 0 0]
             [1 0 0]
             [1 0 0]
             [1 0 0]
             [1 0 0]]
         [[1 0 0]
             [1 0 0]
             [1 0 0]
             [1 0 0]
             [1 0 0]
             [1 0 0]
             [1 0 0]
             [1 0 0]
             [1 0 0]
             [1 0 0]
             [1 0 0]
             [1 0 0]
             [1 0 0]
             [1 0 0]
             [1 0 0]
             [1 0 0]
             [1 0 0]
             [1 0 0]
             [1 0 0]
             [1 0 0]
             [1 0 0]
             [1 0 0]
             [1 0 0]
             [1 0 0]
             [1 0 0]
             [1 0 0]
             [1 0 0]
             [1 0 0]
             [1 0 0]
             [1 0 0]
             [1 0 0]
             [1 0 0]
             [1 0 0]
             [1 0 0]
             [1 0 0]
             [1 0 0]
             [1 0 0]
             [1 0 0]
             [1 0 0]
             [1 0 0]
             [1 0 0]
             [1 0 0]
             [1 0 0]
             [1 0 0]
             [1 0 0]
             [1 0 0]
             [1 0 0]
             [1 0 0]
             [1 0 0]
             [1 0 0]]
         [[1 0 0]
             [1 0 0]
             [1 0 0]
             [1 0 0]
             [1 0 0]
             [1 0 0]
             [1 0 0]
             [1 0 0]
             [1 0 0]
             [1 0 0]
             [1 0 0]
             [1 0 0]
             [1 0 0]
             [1 0 0]
             [1 0 0]
             [1 0 0]
             [1 0 0]
             [1 0 0]
             [1 0 0]
             [1 0 0]
             [1 0 0]
             [1 0 0]
             [1 0 0]
             [1 0 0]
             [1 0 0]
             [1 0 0]
             [1 0 0]
             [1 0 0]
             [1 0 0]
             [1 0 0]
             [1 0 0]
             [1 0 0]
             [1 0 0]
             [1 0 0]
             [1 0 0]
             [1 0 0]
             [1 0 0]
             [1 0 0]
             [1 0 0]
             [1 0 0]
             [1 0 0]
             [1 0 0]
             [1 0 0]
             [1 0 0]
             [1 0 0]
             [1 0 0]
             [1 0 0]
             [1 0 0]
             [1 0 0]
             [1 0 0]]
         [[1 0 0]
             [1 0 0]
             [1 0 0]
             [1 0 0]
             [1 0 0]
             [1 0 0]
             [1 0 0]
             [1 0 0]
             [1 0 0]
             [1 0 0]
             [1 0 0]
             [1 0 0]
             [1 0 0]
             [1 0 0]
             [1 0 0]
             [1 0 0]
             [1 0 0]
             [1 0 0]
             [1 0 0]
             [1 0 0]
             [1 0 0]
             [1 0 0]
             [1 0 0]
             [1 0 0]
             [1 0 0]
             [1 0 0]
             [1 0 0]
             [1 0 0]
             [1 0 0]
             [1 0 0]
             [1 0 0]
             [1 0 0]
             [1 0 0]
             [1 0 0]
             [1 0 0]
             [1 0 0]
             [1 0 0]
             [1 0 0]
             [1 0 0]
             [1 0 0]
             [1 0 0]
             [1 0 0]
             [1 0 0]
             [1 0 0]
             [1 0 0]
             [1 0 0]
             [1 0 0]
             [1 0 0]
             [1 0 0]
             [1 0 0]]
         [[0 0 0]
             [0 0 1]
             [0 1 0]
             [0 0 1]
             [0 1 0]
             [0 1 1]
             [0 0 1]
             [0 1 1]
             [0 0 0]
             [0 1 1]
             [0 1 1]
             [0 1 1]
             [0 1 0]
             [0 1 1]
             [0 1 1]
             [0 1 0]
             [0 1 0]
             [0 1 1]
             [0 1 0]
             [0 0 1]
             [0 1 0]
             [0 1 1]
             [0 1 0]
             [0 0 1]
             [0 1 0]
             [0 0 1]
             [0 1 0]
             [0 0 0]
             [0 1 0]
             [0 1 0]
             [0 1 1]
             [0 1 0]
             [0 0 1]
             [0 0 1]
             [0 0 1]
             [0 1 0]
             [0 1 0]
             [0 0 0]
             [0 0 1]
             [0 1 1]
             [0 0 1]
             [0 1 0]
             [0 1 1]
             [0 0 0]
             [0 1 1]
             [0 1 0]
             [0 1 1]
             [0 1 0]
             [0 1 1]
             [0 0 1]]
         [[0 0 0]
             [0 0 1]
             [0 1 0]
             [0 0 1]
             [0 1 0]
             [0 1 1]
             [0 0 1]
             [0 1 1]
             [0 0 0]
             [0 1 1]
             [0 1 1]
             [0 1 1]
             [0 1 0]
             [0 1 1]
             [0 1 1]
             [0 1 0]
             [0 1 0]
             [0 1 1]
             [0 1 0]
             [0 0 1]
             [0 1 0]
             [0 1 1]
             [0 1 0]
             [0 0 1]
             [0 1 0]
             [0 0 1]
             [0 1 0]
             [0 0 0]
             [0 1 0]
             [0 1 0]
             [0 1 1]
             [0 1 0]
             [0 0 1]
             [0 0 1]
             [0 0 1]
             [0 1 0]
             [0 1 0]
             [0 0 0]
             [0 0 1]
             [0 1 1]
             [0 0 1]
             [0 1 0]
             [0 1 1]
             [0 0 0]
             [0 1 1]
             [0 1 0]
             [0 1 1]
             [0 1 0]
             [0 1 1]
             [0 0 1]]
         [[0 0 0]
             [0 0 1]
             [0 1 0]
             [0 0 1]
             [0 1 0]
             [0 1 1]
             [0 0 1]
             [0 1 1]
             [0 0 0]
             [0 1 1]
             [0 1 1]
             [0 1 1]
             [0 1 0]
             [0 1 1]
             [0 1 1]
             [0 1 0]
             [0 1 0]
             [0 1 1]
             [0 1 0]
             [0 0 1]
             [0 1 0]
             [0 1 1]
             [0 1 0]
             [0 0 1]
             [0 1 0]
             [0 0 1]
             [0 1 0]
             [0 0 0]
             [0 1 0]
             [0 1 0]
             [0 1 1]
             [0 1 0]
             [0 0 1]
             [0 0 1]
             [0 0 1]
             [0 1 0]
             [0 1 0]
             [0 0 0]
             [0 0 1]
             [0 1 1]
             [0 0 1]
             [0 1 0]
             [0 1 1]
             [0 0 0]
             [0 1 1]
             [0 1 0]
             [0 1 1]
             [0 1 0]
             [0 1 1]
             [0 0 1]]
         [[0 0 0]
             [0 0 1]
             [0 1 0]
             [0 0 1]
             [0 1 0]
             [0 1 1]
             [0 0 1]
             [0 1 1]
             [0 0 0]
             [0 1 1]
             [0 1 1]
             [0 1 1]
             [0 1 0]
             [0 1 1]
             [0 1 1]
             [0 1 0]
             [0 1 0]
             [0 1 1]
             [0 1 0]
             [0 0 1]
             [0 1 0]
             [0 1 1]
             [0 1 0]
             [0 0 1]
             [0 1 0]
             [0 0 1]
             [0 1 0]
             [0 0 0]
             [0 1 0]
             [0 1 0]
             [0 1 1]
             [0 1 0]
             [0 0 1]
             [0 0 1]
             [0 0 1]
             [0 1 0]
             [0 1 0]
             [0 0 0]
             [0 0 1]
             [0 1 1]
             [0 0 1]
             [0 1 0]
             [0 1 1]
             [0 0 0]
             [0 1 1]
             [0 1 0]
             [0 1 1]
             [0 1 0]
             [0 1 1]
             [0 0 1]]
         [[0 1 1]
             [0 0 0]
             [0 0 0]
             [0 0 1]
             [0 0 0]
             [0 1 1]
             [0 0 1]
             [0 1 0]
             [0 1 1]
             [0 1 0]
             [0 1 0]
             [0 1 0]
             [0 1 1]
             [0 1 0]
             [0 1 1]
             [0 0 0]
             [0 1 1]
             [0 0 0]
             [0 1 1]
             [0 1 0]
             [0 1 1]
             [0 1 1]
             [0 0 0]
             [0 0 1]
             [0 1 1]
             [0 1 1]
             [0 1 1]
             [0 1 1]
             [0 0 1]
             [0 1 1]
             [0 0 1]
             [0 1 1]
             [0 1 1]
             [0 1 0]
             [0 1 0]
             [0 1 0]
             [0 1 1]
             [0 1 1]
             [0 0 1]
             [0 1 0]
             [0 0 1]
             [0 1 0]
             [0 1 0]
             [0 1 1]
             [0 0 1]
             [0 0 1]
             [0 0 1]
             [0 1 1]
             [0 0 1]
             [0 1 1]]
         [[0 1 1]
             [0 0 0]
             [0 0 0]
             [0 0 1]
             [0 0 0]
             [0 1 1]
             [0 0 1]
             [0 1 0]
             [0 1 1]
             [0 1 0]
             [0 1 0]
             [0 1 0]
             [0 1 1]
             [0 1 0]
             [0 1 1]
             [0 0 0]
             [0 1 1]
             [0 0 0]
             [0 1 1]
             [0 1 0]
             [0 1 1]
             [0 1 1]
             [0 0 0]
             [0 0 1]
             [0 1 1]
             [0 1 1]
             [0 1 1]
             [0 1 1]
             [0 0 1]
             [0 1 1]
             [0 0 1]
             [0 1 1]
             [0 1 1]
             [0 1 0]
             [0 1 0]
             [0 1 0]
             [0 1 1]
             [0 1 1]
             [0 0 1]
             [0 1 0]
             [0 0 1]
             [0 1 0]
             [0 1 0]
             [0 1 1]
             [0 0 1]
             [0 0 1]
             [0 0 1]
             [0 1 1]
             [0 0 1]
             [0 1 1]]
         [[0 1 1]
             [0 0 0]
             [0 0 0]
             [0 0 1]
             [0 0 0]
             [0 1 1]
             [0 0 1]
             [0 1 0]
             [0 1 1]
             [0 1 0]
             [0 1 0]
             [0 1 0]
             [0 1 1]
             [0 1 0]
             [0 1 1]
             [0 0 0]
             [0 1 1]
             [0 0 0]
             [0 1 1]
             [0 1 0]
             [0 1 1]
             [0 1 1]
             [0 0 0]
             [0 0 1]
             [0 1 1]
             [0 1 1]
             [0 1 1]
             [0 1 1]
             [0 0 1]
             [0 1 1]
             [0 0 1]
             [0 1 1]
             [0 1 1]
             [0 1 0]
             [0 1 0]
             [0 1 0]
             [0 1 1]
             [0 1 1]
             [0 0 1]
             [0 1 0]
             [0 0 1]
             [0 1 0]
             [0 1 0]
             [0 1 1]
             [0 0 1]
             [0 0 1]
             [0 0 1]
             [0 1 1]
             [0 0 1]
             [0 1 1]]
         [[0 1 1]
             [0 0 0]
             [0 0 0]
             [0 0 1]
             [0 0 0]
             [0 1 1]
             [0 0 1]
             [0 1 0]
             [0 1 1]
             [0 1 0]
             [0 1 0]
             [0 1 0]
             [0 1 1]
             [0 1 0]
             [0 1 1]
             [0 0 0]
             [0 1 1]
             [0 0 0]
             [0 1 1]
             [0 1 0]
             [0 1 1]
             [0 1 1]
             [0 0 0]
             [0 0 1]
             [0 1 1]
             [0 1 1]
             [0 1 1]
             [0 1 1]
             [0 0 1]
             [0 1 1]
             [0 0 1]
             [0 1 1]
             [0 1 1]
             [0 1 0]
             [0 1 0]
             [0 1 0]
             [0 1 1]
             [0 1 1]
             [0 0 1]
             [0 1 0]
             [0 0 1]
             [0 1 0]
             [0 1 0]
             [0 1 1]
             [0 0 1]
             [0 0 1]
             [0 0 1]
             [0 1 1]
             [0 0 1]
             [0 1 1]]
         [[0 0 0]
             [0 1 1]
             [0 0 1]
             [0 1 1]
             [0 0 1]
             [0 0 0]
             [0 1 1]
             [0 0 0]
             [0 0 0]
             [0 1 0]
             [0 1 1]
             [0 1 0]
             [0 1 1]
             [0 1 0]
             [0 1 0]
             [0 1 1]
             [0 1 1]
             [0 0 1]
             [0 0 0]
             [0 0 0]
             [0 1 0]
             [0 1 1]
             [0 1 1]
             [0 1 1]
             [0 1 0]
             [0 1 1]
             [0 1 0]
             [0 0 0]
             [0 0 0]
             [0 1 0]
             [0 1 1]
             [0 0 1]
             [0 0 1]
             [0 1 1]
             [0 1 0]
             [0 1 1]
             [0 0 0]
             [0 1 0]
             [0 1 1]
             [0 1 1]
             [0 1 1]
             [0 1 1]
             [0 1 0]
             [0 0 0]
             [0 1 0]
             [0 0 1]
             [0 1 0]
             [0 1 1]
             [0 1 1]
             [0 1 0]]
         [[0 0 0]
             [0 1 1]
             [0 0 1]
             [0 1 1]
             [0 0 1]
             [0 0 0]
             [0 1 1]
             [0 0 0]
             [0 0 0]
             [0 1 0]
             [0 1 1]
             [0 1 0]
             [0 1 1]
             [0 1 0]
             [0 1 0]
             [0 1 1]
             [0 1 1]
             [0 0 1]
             [0 0 0]
             [0 0 0]
             [0 1 0]
             [0 1 1]
             [0 1 1]
             [0 1 1]
             [0 1 0]
             [0 1 1]
             [0 1 0]
             [0 0 0]
             [0 0 0]
             [0 1 0]
             [0 1 1]
             [0 0 1]
             [0 0 1]
             [0 1 1]
             [0 1 0]
             [0 1 1]
             [0 0 0]
             [0 1 0]
             [0 1 1]
             [0 1 1]
             [0 1 1]
             [0 1 1]
             [0 1 0]
             [0 0 0]
             [0 1 0]
             [0 0 1]
             [0 1 0]
             [0 1 1]
             [0 1 1]
             [0 1 0]]
         [[0 0 0]
             [0 1 1]
             [0 0 1]
             [0 1 1]
             [0 0 1]
             [0 0 0]
             [0 1 1]
             [0 0 0]
             [0 0 0]
             [0 1 0]
             [0 1 1]
             [0 1 0]
             [0 1 1]
             [0 1 0]
             [0 1 0]
             [0 1 1]
             [0 1 1]
             [0 0 1]
             [0 0 0]
             [0 0 0]
             [0 1 0]
             [0 1 1]
             [0 1 1]
             [0 1 1]
             [0 1 0]
             [0 1 1]
             [0 1 0]
             [0 0 0]
             [0 0 0]
             [0 1 0]
             [0 1 1]
             [0 0 1]
             [0 0 1]
             [0 1 1]
             [0 1 0]
             [0 1 1]
             [0 0 0]
             [0 1 0]
             [0 1 1]
             [0 1 1]
             [0 1 1]
             [0 1 1]
             [0 1 0]
             [0 0 0]
             [0 1 0]
             [0 0 1]
             [0 1 0]
             [0 1 1]
             [0 1 1]
             [0 1 0]]
         [[0 0 0]
             [0 1 1]
             [0 0 1]
             [0 1 1]
             [0 0 1]
             [0 0 0]
             [0 1 1]
             [0 0 0]
             [0 0 0]
             [0 1 0]
             [0 1 1]
             [0 1 0]
             [0 1 1]
             [0 1 0]
             [0 1 0]
             [0 1 1]
             [0 1 1]
             [0 0 1]
             [0 0 0]
             [0 0 0]
             [0 1 0]
             [0 1 1]
             [0 1 1]
             [0 1 1]
             [0 1 0]
             [0 1 1]
             [0 1 0]
             [0 0 0]
             [0 0 0]
             [0 1 0]
             [0 1 1]
             [0 0 1]
             [0 0 1]
             [0 1 1]
             [0 1 0]
             [0 1 1]
             [0 0 0]
             [0 1 0]
             [0 1 1]
             [0 1 1]
             [0 1 1]
             [0 1 1]
             [0 1 0]
             [0 0 0]
             [0 1 0]
             [0 0 1]
             [0 1 0]
             [0 1 1]
             [0 1 1]
             [0 1 0]]
         [[0 0 0]
             [0 0 0]
             [0 0 0]
             [0 0 0]
             [0 0 0]
             [0 0 0]
             [0 0 0]
             [0 0 0]
             [0 0 0]
             [0 0 0]
             [0 0 0]
             [0 0 0]
             [0 0 0]
             [0 0 0]
             [0 0 0]
             [0 0 0]
             [0 0 0]
             [0 0 0]
             [0 0 0]
             [0 0 0]
             [0 0 0]
             [0 0 0]
             [0 0 0]
             [0 0 0]
             [0 0 0]
             [0 0 0]
             [0 0 0]
             [0 0 0]
             [0 0 0]
             [0 0 0]
             [0 0 0]
             [0 0 0]
             [0 0 0]
             [0 0 0]
             [0 0 0]
             [0 0 0]
             [0 0 0]
             [0 0 0]
             [0 0 0]
             [0 0 0]
             [0 0 0]
             [0 0 0]
             [0 0 0]
             [0 0 0]
             [0 0 0]
             [0 0 0]
             [0 0 0]
             [0 0 0]
             [0 0 0]
             [0 0 0]]
         [[0 0 0]
             [0 0 0]
             [0 0 0]
             [0 0 0]
             [0 0 0]
             [0 0 0]
             [0 0 0]
             [0 0 0]
             [0 0 0]
             [0 0 0]
             [0 0 0]
             [0 0 0]
             [0 0 0]
             [0 0 0]
             [0 0 0]
             [0 0 0]
             [0 0 0]
             [0 0 0]
             [0 0 0]
             [0 0 0]
             [0 0 0]
             [0 0 0]
             [0 0 0]
             [0 0 0]
             [0 0 0]
             [0 0 0]
             [0 0 0]
             [0 0 0]
             [0 0 0]
             [0 0 0]
             [0 0 0]
             [0 0 0]
             [0 0 0]
             [0 0 0]
             [0 0 0]
             [0 0 0]
             [0 0 0]
             [0 0 0]
             [0 0 0]
             [0 0 0]
             [0 0 0]
             [0 0 0]
             [0 0 0]
             [0 0 0]
             [0 0 0]
             [0 0 0]
             [0 0 0]
             [0 0 0]
             [0 0 0]
             [0 0 0]]
         [[0 0 0]
             [0 0 0]
             [0 0 0]
             [0 0 0]
             [0 0 0]
             [0 0 0]
             [0 0 0]
             [0 0 0]
             [0 0 0]
             [0 0 0]
             [0 0 0]
             [0 0 0]
             [0 0 0]
             [0 0 0]
             [0 0 0]
             [0 0 0]
             [0 0 0]
             [0 0 0]
             [0 0 0]
             [0 0 0]
             [0 0 0]
             [0 0 0]
             [0 0 0]
             [0 0 0]
             [0 0 0]
             [0 0 0]
             [0 0 0]
             [0 0 0]
             [0 0 0]
             [0 0 0]
             [0 0 0]
             [0 0 0]
             [0 0 0]
             [0 0 0]
             [0 0 0]
             [0 0 0]
             [0 0 0]
             [0 0 0]
             [0 0 0]
             [0 0 0]
             [0 0 0]
             [0 0 0]
             [0 0 0]
             [0 0 0]
             [0 0 0]
             [0 0 0]
             [0 0 0]
             [0 0 0]
             [0 0 0]
             [0 0 0]]
         [[0 0 0]
             [0 0 0]
             [0 0 0]
             [0 0 0]
             [0 0 0]
             [0 0 0]
             [0 0 0]
             [0 0 0]
             [0 0 0]
             [0 0 0]
             [0 0 0]
             [0 0 0]
             [0 0 0]
             [0 0 0]
             [0 0 0]
             [0 0 0]
             [0 0 0]
             [0 0 0]
             [0 0 0]
             [0 0 0]
             [0 0 0]
             [0 0 0]
             [0 0 0]
             [0 0 0]
             [0 0 0]
             [0 0 0]
             [0 0 0]
             [0 0 0]
             [0 0 0]
             [0 0 0]
             [0 0 0]
             [0 0 0]
             [0 0 0]
             [0 0 0]
             [0 0 0]
             [0 0 0]
             [0 0 0]
             [0 0 0]
             [0 0 0]
             [0 0 0]
             [0 0 0]
             [0 0 0]
             [0 0 0]
             [0 0 0]
             [0 0 0]
             [0 0 0]
             [0 0 0]
             [0 0 0]
             [0 0 0]
             [0 0 0]]];
ptime =  [[[27 0 0]
             [23 0 0]
             [30 0 0]
             [15 0 0]
             [18 0 0]
             [15 0 0]
             [14 0 0]
             [23 0 0]
             [21 0 0]
             [19 0 0]
             [18 0 0]
             [10 0 0]
             [21 0 0]
             [10 0 0]
             [29 0 0]
             [10 0 0]
             [10 0 0]
             [22 0 0]
             [25 0 0]
             [19 0 0]
             [26 0 0]
             [18 0 0]
             [26 0 0]
             [24 0 0]
             [30 0 0]
             [20 0 0]
             [11 0 0]
             [20 0 0]
             [21 0 0]
             [26 0 0]
             [19 0 0]
             [30 0 0]
             [24 0 0]
             [28 0 0]
             [28 0 0]
             [24 0 0]
             [10 0 0]
             [28 0 0]
             [11 0 0]
             [10 0 0]
             [19 0 0]
             [15 0 0]
             [12 0 0]
             [15 0 0]
             [27 0 0]
             [20 0 0]
             [24 0 0]
             [10 0 0]
             [14 0 0]
             [17 0 0]]
         [[12 0 0]
             [29 0 0]
             [16 0 0]
             [30 0 0]
             [30 0 0]
             [25 0 0]
             [30 0 0]
             [24 0 0]
             [27 0 0]
             [16 0 0]
             [14 0 0]
             [22 0 0]
             [17 0 0]
             [14 0 0]
             [16 0 0]
             [10 0 0]
             [18 0 0]
             [17 0 0]
             [12 0 0]
             [15 0 0]
             [26 0 0]
             [10 0 0]
             [28 0 0]
             [28 0 0]
             [26 0 0]
             [29 0 0]
             [28 0 0]
             [27 0 0]
             [14 0 0]
             [30 0 0]
             [28 0 0]
             [12 0 0]
             [29 0 0]
             [17 0 0]
             [14 0 0]
             [23 0 0]
             [10 0 0]
             [17 0 0]
             [23 0 0]
             [15 0 0]
             [25 0 0]
             [26 0 0]
             [12 0 0]
             [11 0 0]
             [20 0 0]
             [27 0 0]
             [10 0 0]
             [13 0 0]
             [13 0 0]
             [24 0 0]]
         [[20 0 0]
             [12 0 0]
             [19 0 0]
             [20 0 0]
             [10 0 0]
             [18 0 0]
             [27 0 0]
             [21 0 0]
             [21 0 0]
             [23 0 0]
             [21 0 0]
             [25 0 0]
             [14 0 0]
             [29 0 0]
             [25 0 0]
             [13 0 0]
             [14 0 0]
             [11 0 0]
             [10 0 0]
             [19 0 0]
             [13 0 0]
             [16 0 0]
             [18 0 0]
             [16 0 0]
             [30 0 0]
             [28 0 0]
             [10 0 0]
             [25 0 0]
             [12 0 0]
             [19 0 0]
             [23 0 0]
             [11 0 0]
             [29 0 0]
             [11 0 0]
             [11 0 0]
             [18 0 0]
             [15 0 0]
             [11 0 0]
             [29 0 0]
             [18 0 0]
             [21 0 0]
             [22 0 0]
             [25 0 0]
             [15 0 0]
             [22 0 0]
             [10 0 0]
             [10 0 0]
             [26 0 0]
             [14 0 0]
             [29 0 0]]
         [[10 0 0]
             [28 0 0]
             [29 0 0]
             [10 0 0]
             [15 0 0]
             [17 0 0]
             [22 0 0]
             [23 0 0]
             [27 0 0]
             [28 0 0]
             [27 0 0]
             [12 0 0]
             [17 0 0]
             [29 0 0]
             [13 0 0]
             [25 0 0]
             [23 0 0]
             [22 0 0]
             [28 0 0]
             [29 0 0]
             [20 0 0]
             [10 0 0]
             [25 0 0]
             [16 0 0]
             [25 0 0]
             [19 0 0]
             [14 0 0]
             [20 0 0]
             [16 0 0]
             [20 0 0]
             [29 0 0]
             [28 0 0]
             [30 0 0]
             [21 0 0]
             [12 0 0]
             [22 0 0]
             [30 0 0]
             [17 0 0]
             [25 0 0]
             [10 0 0]
             [11 0 0]
             [12 0 0]
             [19 0 0]
             [14 0 0]
             [28 0 0]
             [24 0 0]
             [10 0 0]
             [28 0 0]
             [15 0 0]
             [30 0 0]]
         [[0 0 0]
             [0 0 18]
             [0 14 0]
             [0 0 23]
             [0 27 0]
             [0 24 15]
             [0 0 24]
             [0 11 19]
             [0 0 0]
             [0 15 29]
             [0 15 21]
             [0 10 28]
             [0 21 0]
             [0 14 29]
             [0 30 14]
             [0 27 0]
             [0 25 0]
             [0 21 15]
             [0 24 0]
             [0 0 11]
             [0 23 0]
             [0 25 30]
             [0 17 0]
             [0 0 19]
             [0 20 0]
             [0 0 22]
             [0 10 0]
             [0 0 0]
             [0 11 0]
             [0 16 0]
             [0 27 24]
             [0 18 0]
             [0 0 27]
             [0 0 26]
             [0 0 19]
             [0 11 0]
             [0 27 0]
             [0 0 0]
             [0 0 12]
             [0 18 28]
             [0 0 22]
             [0 30 0]
             [0 27 18]
             [0 0 0]
             [0 25 27]
             [0 17 0]
             [0 18 15]
             [0 11 0]
             [0 19 19]
             [0 0 23]]
         [[0 0 0]
             [0 0 16]
             [0 10 0]
             [0 0 29]
             [0 30 0]
             [0 30 17]
             [0 0 26]
             [0 21 25]
             [0 0 0]
             [0 14 30]
             [0 15 18]
             [0 12 29]
             [0 24 0]
             [0 19 19]
             [0 25 22]
             [0 24 0]
             [0 24 0]
             [0 28 24]
             [0 20 0]
             [0 0 29]
             [0 22 0]
             [0 15 30]
             [0 19 0]
             [0 0 30]
             [0 24 0]
             [0 0 21]
             [0 14 0]
             [0 0 0]
             [0 18 0]
             [0 17 0]
             [0 14 12]
             [0 30 0]
             [0 0 26]
             [0 0 10]
             [0 0 19]
             [0 26 0]
             [0 25 0]
             [0 0 0]
             [0 0 15]
             [0 16 29]
             [0 0 19]
             [0 18 0]
             [0 11 24]
             [0 0 0]
             [0 27 25]
             [0 17 0]
             [0 30 27]
             [0 10 0]
             [0 13 17]
             [0 0 24]]
         [[0 0 0]
             [0 0 15]
             [0 11 0]
             [0 0 12]
             [0 25 0]
             [0 23 16]
             [0 0 24]
             [0 23 23]
             [0 0 0]
             [0 12 22]
             [0 29 25]
             [0 17 22]
             [0 18 0]
             [0 16 19]
             [0 19 10]
             [0 26 0]
             [0 12 0]
             [0 29 21]
             [0 16 0]
             [0 0 21]
             [0 30 0]
             [0 15 26]
             [0 29 0]
             [0 0 16]
             [0 29 0]
             [0 0 26]
             [0 18 0]
             [0 0 0]
             [0 25 0]
             [0 12 0]
             [0 29 25]
             [0 28 0]
             [0 0 21]
             [0 0 14]
             [0 0 21]
             [0 14 0]
             [0 18 0]
             [0 0 0]
             [0 0 28]
             [0 28 23]
             [0 0 11]
             [0 19 0]
             [0 28 21]
             [0 0 0]
             [0 11 21]
             [0 16 0]
             [0 21 10]
             [0 12 0]
             [0 11 11]
             [0 0 15]]
         [[0 0 0]
             [0 0 17]
             [0 27 0]
             [0 0 20]
             [0 17 0]
             [0 26 18]
             [0 0 16]
             [0 18 24]
             [0 0 0]
             [0 18 10]
             [0 18 25]
             [0 21 28]
             [0 26 0]
             [0 25 14]
             [0 11 11]
             [0 17 0]
             [0 23 0]
             [0 17 15]
             [0 28 0]
             [0 0 14]
             [0 28 0]
             [0 21 23]
             [0 27 0]
             [0 0 27]
             [0 13 0]
             [0 0 19]
             [0 11 0]
             [0 0 0]
             [0 11 0]
             [0 25 0]
             [0 28 29]
             [0 19 0]
             [0 0 16]
             [0 0 16]
             [0 0 26]
             [0 26 0]
             [0 10 0]
             [0 0 0]
             [0 0 27]
             [0 25 30]
             [0 0 26]
             [0 16 0]
             [0 25 13]
             [0 0 0]
             [0 12 30]
             [0 15 0]
             [0 25 18]
             [0 28 0]
             [0 21 16]
             [0 0 14]]
         [[0 26 23]
             [0 0 0]
             [0 0 0]
             [0 0 22]
             [0 0 0]
             [0 11 17]
             [0 0 25]
             [0 20 0]
             [0 22 14]
             [0 26 0]
             [0 21 0]
             [0 11 0]
             [0 27 30]
             [0 22 0]
             [0 15 30]
             [0 0 0]
             [0 11 13]
             [0 0 0]
             [0 11 21]
             [0 16 0]
             [0 30 21]
             [0 20 24]
             [0 0 0]
             [0 0 11]
             [0 16 20]
             [0 13 20]
             [0 16 16]
             [0 10 15]
             [0 0 22]
             [0 27 29]
             [0 0 11]
             [0 10 21]
             [0 24 27]
             [0 23 0]
             [0 13 0]
             [0 17 0]
             [0 26 19]
             [0 17 11]
             [0 0 12]
             [0 16 0]
             [0 0 28]
             [0 25 0]
             [0 13 0]
             [0 18 26]
             [0 0 14]
             [0 0 24]
             [0 0 20]
             [0 21 14]
             [0 0 11]
             [0 17 19]]
         [[0 28 23]
             [0 0 0]
             [0 0 0]
             [0 0 13]
             [0 0 0]
             [0 21 30]
             [0 0 18]
             [0 12 0]
             [0 22 29]
             [0 29 0]
             [0 25 0]
             [0 11 0]
             [0 14 28]
             [0 16 0]
             [0 28 16]
             [0 0 0]
             [0 21 17]
             [0 0 0]
             [0 29 29]
             [0 26 0]
             [0 27 28]
             [0 11 17]
             [0 0 0]
             [0 0 21]
             [0 19 29]
             [0 13 28]
             [0 16 21]
             [0 27 21]
             [0 0 19]
             [0 29 20]
             [0 0 18]
             [0 27 26]
             [0 10 30]
             [0 17 0]
             [0 10 0]
             [0 12 0]
             [0 28 10]
             [0 30 21]
             [0 0 16]
             [0 27 0]
             [0 0 13]
             [0 20 0]
             [0 26 0]
             [0 13 24]
             [0 0 16]
             [0 0 11]
             [0 0 22]
             [0 11 17]
             [0 0 22]
             [0 13 10]]
         [[0 24 14]
             [0 0 0]
             [0 0 0]
             [0 0 21]
             [0 0 0]
             [0 10 23]
             [0 0 20]
             [0 25 0]
             [0 30 22]
             [0 22 0]
             [0 11 0]
             [0 23 0]
             [0 10 17]
             [0 28 0]
             [0 14 28]
             [0 0 0]
             [0 27 23]
             [0 0 0]
             [0 21 25]
             [0 19 0]
             [0 23 19]
             [0 10 14]
             [0 0 0]
             [0 0 10]
             [0 19 12]
             [0 10 25]
             [0 23 18]
             [0 20 21]
             [0 0 16]
             [0 26 19]
             [0 0 26]
             [0 22 20]
             [0 28 30]
             [0 11 0]
             [0 13 0]
             [0 25 0]
             [0 26 17]
             [0 17 13]
             [0 0 11]
             [0 28 0]
             [0 0 22]
             [0 23 0]
             [0 13 0]
             [0 19 11]
             [0 0 18]
             [0 0 17]
             [0 0 20]
             [0 24 29]
             [0 0 23]
             [0 19 16]]
         [[0 30 19]
             [0 0 0]
             [0 0 0]
             [0 0 17]
             [0 0 0]
             [0 24 20]
             [0 0 15]
             [0 24 0]
             [0 28 24]
             [0 26 0]
             [0 30 0]
             [0 24 0]
             [0 17 11]
             [0 30 0]
             [0 23 20]
             [0 0 0]
             [0 10 19]
             [0 0 0]
             [0 23 23]
             [0 11 0]
             [0 29 25]
             [0 10 21]
             [0 0 0]
             [0 0 17]
             [0 15 14]
             [0 30 15]
             [0 16 15]
             [0 18 13]
             [0 0 14]
             [0 13 10]
             [0 0 17]
             [0 23 29]
             [0 17 22]
             [0 10 0]
             [0 14 0]
             [0 30 0]
             [0 12 19]
             [0 10 16]
             [0 0 13]
             [0 14 0]
             [0 0 25]
             [0 21 0]
             [0 30 0]
             [0 16 20]
             [0 0 14]
             [0 0 16]
             [0 0 29]
             [0 15 10]
             [0 0 18]
             [0 21 17]]
         [[0 0 0]
             [0 18 15]
             [0 0 19]
             [0 18 17]
             [0 0 10]
             [0 0 0]
             [0 22 20]
             [0 0 0]
             [0 0 0]
             [0 11 0]
             [0 18 29]
             [0 18 0]
             [0 30 15]
             [0 10 0]
             [0 10 0]
             [0 27 16]
             [0 12 23]
             [0 0 30]
             [0 0 0]
             [0 0 0]
             [0 21 0]
             [0 28 28]
             [0 24 29]
             [0 17 22]
             [0 14 0]
             [0 27 25]
             [0 19 0]
             [0 0 0]
             [0 0 0]
             [0 16 0]
             [0 17 11]
             [0 0 28]
             [0 0 26]
             [0 19 20]
             [0 18 0]
             [0 19 20]
             [0 0 0]
             [0 16 0]
             [0 18 15]
             [0 12 21]
             [0 26 17]
             [0 12 12]
             [0 17 0]
             [0 0 0]
             [0 14 0]
             [0 0 19]
             [0 17 0]
             [0 10 20]
             [0 12 14]
             [0 24 0]]
         [[0 0 0]
             [0 24 15]
             [0 0 24]
             [0 22 29]
             [0 0 22]
             [0 0 0]
             [0 30 14]
             [0 0 0]
             [0 0 0]
             [0 21 0]
             [0 25 24]
             [0 24 0]
             [0 21 26]
             [0 29 0]
             [0 12 0]
             [0 10 14]
             [0 30 25]
             [0 0 26]
             [0 0 0]
             [0 0 0]
             [0 25 0]
             [0 20 12]
             [0 11 23]
             [0 24 14]
             [0 23 0]
             [0 20 26]
             [0 13 0]
             [0 0 0]
             [0 0 0]
             [0 15 0]
             [0 17 27]
             [0 0 21]
             [0 0 13]
             [0 15 11]
             [0 19 0]
             [0 16 22]
             [0 0 0]
             [0 12 0]
             [0 13 19]
             [0 28 30]
             [0 18 15]
             [0 10 23]
             [0 19 0]
             [0 0 0]
             [0 12 0]
             [0 0 24]
             [0 19 0]
             [0 15 18]
             [0 20 26]
             [0 27 0]]
         [[0 0 0]
             [0 16 23]
             [0 0 26]
             [0 29 18]
             [0 0 10]
             [0 0 0]
             [0 11 16]
             [0 0 0]
             [0 0 0]
             [0 12 0]
             [0 15 15]
             [0 19 0]
             [0 11 12]
             [0 24 0]
             [0 29 0]
             [0 18 28]
             [0 11 15]
             [0 0 11]
             [0 0 0]
             [0 0 0]
             [0 23 0]
             [0 14 15]
             [0 26 28]
             [0 26 29]
             [0 20 0]
             [0 23 27]
             [0 12 0]
             [0 0 0]
             [0 0 0]
             [0 14 0]
             [0 19 22]
             [0 0 14]
             [0 0 11]
             [0 16 26]
             [0 20 0]
             [0 21 24]
             [0 0 0]
             [0 26 0]
             [0 11 13]
             [0 30 13]
             [0 18 10]
             [0 14 14]
             [0 30 0]
             [0 0 0]
             [0 13 0]
             [0 0 30]
             [0 12 0]
             [0 28 12]
             [0 16 28]
             [0 25 0]]
         [[0 0 0]
             [0 14 19]
             [0 0 30]
             [0 20 25]
             [0 0 10]
             [0 0 0]
             [0 14 25]
             [0 0 0]
             [0 0 0]
             [0 23 0]
             [0 25 17]
             [0 21 0]
             [0 22 24]
             [0 11 0]
             [0 13 0]
             [0 19 10]
             [0 16 20]
             [0 0 29]
             [0 0 0]
             [0 0 0]
             [0 19 0]
             [0 17 27]
             [0 27 17]
             [0 20 18]
             [0 11 0]
             [0 22 27]
             [0 25 0]
             [0 0 0]
             [0 0 0]
             [0 18 0]
             [0 17 30]
             [0 0 11]
             [0 0 29]
             [0 16 17]
             [0 13 0]
             [0 30 19]
             [0 0 0]
             [0 10 0]
             [0 20 12]
             [0 11 21]
             [0 27 19]
             [0 30 20]
             [0 27 0]
             [0 0 0]
             [0 12 0]
             [0 0 14]
             [0 28 0]
             [0 30 18]
             [0 16 10]
             [0 10 0]]
         [[0 0 0]
             [0 0 0]
             [0 0 0]
             [0 0 0]
             [0 0 0]
             [0 0 0]
             [0 0 0]
             [0 0 0]
             [0 0 0]
             [0 0 0]
             [0 0 0]
             [0 0 0]
             [0 0 0]
             [0 0 0]
             [0 0 0]
             [0 0 0]
             [0 0 0]
             [0 0 0]
             [0 0 0]
             [0 0 0]
             [0 0 0]
             [0 0 0]
             [0 0 0]
             [0 0 0]
             [0 0 0]
             [0 0 0]
             [0 0 0]
             [0 0 0]
             [0 0 0]
             [0 0 0]
             [0 0 0]
             [0 0 0]
             [0 0 0]
             [0 0 0]
             [0 0 0]
             [0 0 0]
             [0 0 0]
             [0 0 0]
             [0 0 0]
             [0 0 0]
             [0 0 0]
             [0 0 0]
             [0 0 0]
             [0 0 0]
             [0 0 0]
             [0 0 0]
             [0 0 0]
             [0 0 0]
             [0 0 0]
             [0 0 0]]
         [[0 0 0]
             [0 0 0]
             [0 0 0]
             [0 0 0]
             [0 0 0]
             [0 0 0]
             [0 0 0]
             [0 0 0]
             [0 0 0]
             [0 0 0]
             [0 0 0]
             [0 0 0]
             [0 0 0]
             [0 0 0]
             [0 0 0]
             [0 0 0]
             [0 0 0]
             [0 0 0]
             [0 0 0]
             [0 0 0]
             [0 0 0]
             [0 0 0]
             [0 0 0]
             [0 0 0]
             [0 0 0]
             [0 0 0]
             [0 0 0]
             [0 0 0]
             [0 0 0]
             [0 0 0]
             [0 0 0]
             [0 0 0]
             [0 0 0]
             [0 0 0]
             [0 0 0]
             [0 0 0]
             [0 0 0]
             [0 0 0]
             [0 0 0]
             [0 0 0]
             [0 0 0]
             [0 0 0]
             [0 0 0]
             [0 0 0]
             [0 0 0]
             [0 0 0]
             [0 0 0]
             [0 0 0]
             [0 0 0]
             [0 0 0]]
         [[0 0 0]
             [0 0 0]
             [0 0 0]
             [0 0 0]
             [0 0 0]
             [0 0 0]
             [0 0 0]
             [0 0 0]
             [0 0 0]
             [0 0 0]
             [0 0 0]
             [0 0 0]
             [0 0 0]
             [0 0 0]
             [0 0 0]
             [0 0 0]
             [0 0 0]
             [0 0 0]
             [0 0 0]
             [0 0 0]
             [0 0 0]
             [0 0 0]
             [0 0 0]
             [0 0 0]
             [0 0 0]
             [0 0 0]
             [0 0 0]
             [0 0 0]
             [0 0 0]
             [0 0 0]
             [0 0 0]
             [0 0 0]
             [0 0 0]
             [0 0 0]
             [0 0 0]
             [0 0 0]
             [0 0 0]
             [0 0 0]
             [0 0 0]
             [0 0 0]
             [0 0 0]
             [0 0 0]
             [0 0 0]
             [0 0 0]
             [0 0 0]
             [0 0 0]
             [0 0 0]
             [0 0 0]
             [0 0 0]
             [0 0 0]]
         [[0 0 0]
             [0 0 0]
             [0 0 0]
             [0 0 0]
             [0 0 0]
             [0 0 0]
             [0 0 0]
             [0 0 0]
             [0 0 0]
             [0 0 0]
             [0 0 0]
             [0 0 0]
             [0 0 0]
             [0 0 0]
             [0 0 0]
             [0 0 0]
             [0 0 0]
             [0 0 0]
             [0 0 0]
             [0 0 0]
             [0 0 0]
             [0 0 0]
             [0 0 0]
             [0 0 0]
             [0 0 0]
             [0 0 0]
             [0 0 0]
             [0 0 0]
             [0 0 0]
             [0 0 0]
             [0 0 0]
             [0 0 0]
             [0 0 0]
             [0 0 0]
             [0 0 0]
             [0 0 0]
             [0 0 0]
             [0 0 0]
             [0 0 0]
             [0 0 0]
             [0 0 0]
             [0 0 0]
             [0 0 0]
             [0 0 0]
             [0 0 0]
             [0 0 0]
             [0 0 0]
             [0 0 0]
             [0 0 0]
             [0 0 0]]];
power1 =  [[[3.2 0 0]
             [4.5 0 0]
             [3.5 0 0]
             [3.8 0 0]
             [4.1 0 0]
             [4.4 0 0]
             [3 0 0]
             [3.8 0 0]
             [4.1 0 0]
             [3.4 0 0]
             [4 0 0]
             [3.5 0 0]
             [4.9 0 0]
             [5 0 0]
             [4.5 0 0]
             [3.8 0 0]
             [5 0 0]
             [5 0 0]
             [4.7 0 0]
             [3 0 0]
             [4.3 0 0]
             [3.3 0 0]
             [3.8 0 0]
             [4.6 0 0]
             [4.3 0 0]
             [3.4 0 0]
             [3 0 0]
             [3 0 0]
             [3.5 0 0]
             [4.4 0 0]
             [3.2 0 0]
             [3.4 0 0]
             [3.9 0 0]
             [4.6 0 0]
             [4.5 0 0]
             [4.6 0 0]
             [4.9 0 0]
             [4 0 0]
             [3.2 0 0]
             [3.1 0 0]
             [3.8 0 0]
             [3.3 0 0]
             [4.5 0 0]
             [3.4 0 0]
             [4.6 0 0]
             [3.1 0 0]
             [3 0 0]
             [3.4 0 0]
             [4.2 0 0]
             [3.9 0 0]]
         [[4.6 0 0]
             [3.6 0 0]
             [3.3 0 0]
             [3.5 0 0]
             [4 0 0]
             [5 0 0]
             [4.6 0 0]
             [3.9 0 0]
             [4.5 0 0]
             [3.4 0 0]
             [3.5 0 0]
             [4 0 0]
             [3.7 0 0]
             [4.1 0 0]
             [4.8 0 0]
             [3.2 0 0]
             [3.9 0 0]
             [3.6 0 0]
             [3.2 0 0]
             [3.6 0 0]
             [4.2 0 0]
             [4.4 0 0]
             [3.9 0 0]
             [5 0 0]
             [3 0 0]
             [3.3 0 0]
             [3.6 0 0]
             [3.3 0 0]
             [4.1 0 0]
             [3.3 0 0]
             [3.8 0 0]
             [3.5 0 0]
             [3.3 0 0]
             [3.1 0 0]
             [3.6 0 0]
             [4 0 0]
             [3.5 0 0]
             [3.6 0 0]
             [4.5 0 0]
             [3.9 0 0]
             [4.8 0 0]
             [3.3 0 0]
             [4 0 0]
             [4.8 0 0]
             [3.6 0 0]
             [3.2 0 0]
             [3.7 0 0]
             [3 0 0]
             [4.3 0 0]
             [3.9 0 0]]
         [[4.3 0 0]
             [3.7 0 0]
             [3.8 0 0]
             [4.7 0 0]
             [4.1 0 0]
             [3.2 0 0]
             [3.1 0 0]
             [4.6 0 0]
             [3.3 0 0]
             [3.2 0 0]
             [4.9 0 0]
             [3.1 0 0]
             [5 0 0]
             [4.3 0 0]
             [3 0 0]
             [4.2 0 0]
             [3.6 0 0]
             [3.8 0 0]
             [4.3 0 0]
             [3.2 0 0]
             [4.5 0 0]
             [3.7 0 0]
             [3.9 0 0]
             [4.1 0 0]
             [3.8 0 0]
             [4 0 0]
             [4.9 0 0]
             [3.9 0 0]
             [3.3 0 0]
             [3.4 0 0]
             [5 0 0]
             [4.3 0 0]
             [3.7 0 0]
             [3.9 0 0]
             [4 0 0]
             [3 0 0]
             [3 0 0]
             [4 0 0]
             [4.5 0 0]
             [3.1 0 0]
             [4.7 0 0]
             [3.4 0 0]
             [4.7 0 0]
             [3.5 0 0]
             [4.3 0 0]
             [3.3 0 0]
             [4 0 0]
             [3 0 0]
             [3.1 0 0]
             [3.8 0 0]]
         [[3.8 0 0]
             [3.8 0 0]
             [4.7 0 0]
             [3.4 0 0]
             [4.3 0 0]
             [4 0 0]
             [4.3 0 0]
             [3.8 0 0]
             [4.5 0 0]
             [3.7 0 0]
             [3.1 0 0]
             [5 0 0]
             [4.5 0 0]
             [3.6 0 0]
             [4.1 0 0]
             [3.9 0 0]
             [4.7 0 0]
             [4.3 0 0]
             [3 0 0]
             [3.6 0 0]
             [4.3 0 0]
             [4.8 0 0]
             [3.1 0 0]
             [4.3 0 0]
             [3.3 0 0]
             [3.8 0 0]
             [3.5 0 0]
             [3.9 0 0]
             [3 0 0]
             [3 0 0]
             [3.2 0 0]
             [3.8 0 0]
             [3 0 0]
             [3.6 0 0]
             [3.5 0 0]
             [4.5 0 0]
             [3.9 0 0]
             [4 0 0]
             [5 0 0]
             [3.6 0 0]
             [4.3 0 0]
             [4.3 0 0]
             [3.8 0 0]
             [3.9 0 0]
             [3.3 0 0]
             [3.6 0 0]
             [3.1 0 0]
             [4.1 0 0]
             [4.6 0 0]
             [4.4 0 0]]
         [[0 0 0]
             [0 0 3]
             [0 4.3 0]
             [0 0 3.7]
             [0 3.6 0]
             [0 4.7 4.2]
             [0 0 3.6]
             [0 5 3.1]
             [0 0 0]
             [0 4 5]
             [0 3.4 4.3]
             [0 4.1 4.5]
             [0 4.2 0]
             [0 4.8 4.4]
             [0 4.3 4.4]
             [0 3.2 0]
             [0 4.7 0]
             [0 4 3.9]
             [0 3.9 0]
             [0 0 5]
             [0 4 0]
             [0 4.8 4.8]
             [0 3.9 0]
             [0 0 4.7]
             [0 5 0]
             [0 0 4.8]
             [0 4.4 0]
             [0 0 0]
             [0 3.8 0]
             [0 3.6 0]
             [0 3.9 3.5]
             [0 3.3 0]
             [0 0 4.4]
             [0 0 4.9]
             [0 0 4.3]
             [0 4.1 0]
             [0 3.4 0]
             [0 0 0]
             [0 0 4.9]
             [0 4.7 4.9]
             [0 0 3.2]
             [0 4 0]
             [0 3.6 4.5]
             [0 0 0]
             [0 4.4 5]
             [0 4.4 0]
             [0 3.5 5]
             [0 4.8 0]
             [0 4.2 3.5]
             [0 0 4]]
         [[0 0 0]
             [0 0 3.8]
             [0 4.1 0]
             [0 0 3.5]
             [0 3.5 0]
             [0 3.3 3.2]
             [0 0 3.5]
             [0 3.7 3.5]
             [0 0 0]
             [0 4.6 3.4]
             [0 4.4 4.9]
             [0 4 5]
             [0 3.4 0]
             [0 3.4 4.4]
             [0 4.9 4.7]
             [0 4.1 0]
             [0 3.1 0]
             [0 4.9 4.6]
             [0 3.1 0]
             [0 0 4.6]
             [0 3.7 0]
             [0 3.3 4.5]
             [0 3 0]
             [0 0 4.2]
             [0 5 0]
             [0 0 3.2]
             [0 4.8 0]
             [0 0 0]
             [0 3.7 0]
             [0 3.7 0]
             [0 3.3 4.1]
             [0 3.1 0]
             [0 0 4.3]
             [0 0 3.6]
             [0 0 4]
             [0 4.4 0]
             [0 3.1 0]
             [0 0 0]
             [0 0 3.5]
             [0 4.7 4.5]
             [0 0 5]
             [0 3 0]
             [0 3.8 4.1]
             [0 0 0]
             [0 3.3 4.6]
             [0 4 0]
             [0 4.2 3.3]
             [0 4.4 0]
             [0 3 3.8]
             [0 0 3.6]]
         [[0 0 0]
             [0 0 4.9]
             [0 3.4 0]
             [0 0 3.9]
             [0 3.9 0]
             [0 4 3.8]
             [0 0 4.4]
             [0 4 4]
             [0 0 0]
             [0 4.7 3.1]
             [0 3.5 4.6]
             [0 4.5 4.9]
             [0 3.6 0]
             [0 3.3 4.3]
             [0 4.6 3.3]
             [0 3.4 0]
             [0 4.2 0]
             [0 3 3.8]
             [0 4.8 0]
             [0 0 4.2]
             [0 3 0]
             [0 4 3.6]
             [0 5 0]
             [0 0 3.9]
             [0 3.5 0]
             [0 0 4]
             [0 3.9 0]
             [0 0 0]
             [0 4 0]
             [0 3 0]
             [0 4.3 3.6]
             [0 3.3 0]
             [0 0 3]
             [0 0 3.8]
             [0 0 5]
             [0 3.7 0]
             [0 4.8 0]
             [0 0 0]
             [0 0 4]
             [0 3.2 4.2]
             [0 0 3.9]
             [0 4.8 0]
             [0 3 4.9]
             [0 0 0]
             [0 4.1 3.4]
             [0 4.6 0]
             [0 3.4 4.9]
             [0 4.8 0]
             [0 3.3 4.8]
             [0 0 3.8]]
         [[0 0 0]
             [0 0 4]
             [0 4.1 0]
             [0 0 4]
             [0 3.8 0]
             [0 5 3.3]
             [0 0 3.6]
             [0 4.6 4]
             [0 0 0]
             [0 4.9 4.6]
             [0 3.5 3.2]
             [0 3.3 3.8]
             [0 3.5 0]
             [0 3.3 4.3]
             [0 3.1 4.5]
             [0 3.3 0]
             [0 4.8 0]
             [0 4.9 4]
             [0 4 0]
             [0 0 3.3]
             [0 3.8 0]
             [0 3.5 4]
             [0 3.8 0]
             [0 0 4]
             [0 3.5 0]
             [0 0 4.5]
             [0 4.7 0]
             [0 0 0]
             [0 3.2 0]
             [0 4.4 0]
             [0 4.4 3.2]
             [0 3.9 0]
             [0 0 3.7]
             [0 0 3.7]
             [0 0 5]
             [0 4 0]
             [0 3.2 0]
             [0 0 0]
             [0 0 4.4]
             [0 3.1 3.3]
             [0 0 3.2]
             [0 3.6 0]
             [0 4.2 3.1]
             [0 0 0]
             [0 4.4 3.9]
             [0 3.8 0]
             [0 3.1 3.8]
             [0 5 0]
             [0 4.6 4.8]
             [0 0 5]]
         [[0 3.5 4.6]
             [0 0 0]
             [0 0 0]
             [0 0 4.5]
             [0 0 0]
             [0 4.6 4.7]
             [0 0 4.9]
             [0 3.4 0]
             [0 4.6 4.7]
             [0 3.7 0]
             [0 4.4 0]
             [0 3.5 0]
             [0 4.8 3.2]
             [0 4.8 0]
             [0 3.8 5]
             [0 0 0]
             [0 4.2 4.4]
             [0 0 0]
             [0 4.8 4.2]
             [0 4 0]
             [0 3.1 4.9]
             [0 4.2 3.6]
             [0 0 0]
             [0 0 3]
             [0 4.3 4.4]
             [0 4.1 4.6]
             [0 4.8 4.4]
             [0 3 3.6]
             [0 0 4.9]
             [0 4.8 3.6]
             [0 0 3.4]
             [0 3.1 4.4]
             [0 4.1 4.8]
             [0 4 0]
             [0 4.1 0]
             [0 4 0]
             [0 3.5 3.1]
             [0 3.2 4.5]
             [0 0 4.5]
             [0 3.2 0]
             [0 0 4.6]
             [0 3 0]
             [0 3.8 0]
             [0 3 4.3]
             [0 0 4.8]
             [0 0 4.6]
             [0 0 3.9]
             [0 3.8 3.7]
             [0 0 3]
             [0 3.8 4.1]]
         [[0 4.2 4]
             [0 0 0]
             [0 0 0]
             [0 0 4.1]
             [0 0 0]
             [0 5 3.9]
             [0 0 4.4]
             [0 3.7 0]
             [0 3.2 3.5]
             [0 4.6 0]
             [0 4.6 0]
             [0 4 0]
             [0 5 4.6]
             [0 4 0]
             [0 3.5 3.5]
             [0 0 0]
             [0 3 4.9]
             [0 0 0]
             [0 3.7 4.8]
             [0 4.7 0]
             [0 3.5 4.5]
             [0 4.4 4.1]
             [0 0 0]
             [0 0 3.7]
             [0 3.6 4.5]
             [0 4 4.4]
             [0 4.1 3.4]
             [0 3.1 3.2]
             [0 0 3]
             [0 3.5 4.4]
             [0 0 3.8]
             [0 4.6 3]
             [0 4.8 3.3]
             [0 3.1 0]
             [0 4.4 0]
             [0 5 0]
             [0 4.2 4.3]
             [0 3.6 3.9]
             [0 0 3.3]
             [0 3.4 0]
             [0 0 4.9]
             [0 3.3 0]
             [0 4.8 0]
             [0 4.7 4.7]
             [0 0 4.1]
             [0 0 5]
             [0 0 3.3]
             [0 3.4 3]
             [0 0 3.3]
             [0 4.2 3.5]]
         [[0 4.2 4.5]
             [0 0 0]
             [0 0 0]
             [0 0 3.8]
             [0 0 0]
             [0 3.3 4.9]
             [0 0 3]
             [0 4.6 0]
             [0 4 4.1]
             [0 4.8 0]
             [0 5 0]
             [0 3.7 0]
             [0 3.9 3.3]
             [0 4.5 0]
             [0 4.1 3.9]
             [0 0 0]
             [0 3.8 3.9]
             [0 0 0]
             [0 4.7 3.1]
             [0 4.3 0]
             [0 3.8 4.8]
             [0 3 4.3]
             [0 0 0]
             [0 0 4.8]
             [0 3.5 3.9]
             [0 4.1 4.7]
             [0 4.3 3.8]
             [0 4 4.3]
             [0 0 5]
             [0 3.8 4.8]
             [0 0 3.2]
             [0 4.5 3.8]
             [0 4 3.4]
             [0 5 0]
             [0 3.9 0]
             [0 4.6 0]
             [0 4.8 3.8]
             [0 3.3 4.4]
             [0 0 4.9]
             [0 4 0]
             [0 0 4.9]
             [0 3.8 0]
             [0 3.4 0]
             [0 4.8 4.8]
             [0 0 4.5]
             [0 0 4.2]
             [0 0 3.8]
             [0 3.5 4.2]
             [0 0 3.2]
             [0 3.3 3]]
         [[0 3.4 3]
             [0 0 0]
             [0 0 0]
             [0 0 4]
             [0 0 0]
             [0 3.7 4.2]
             [0 0 3.7]
             [0 3.2 0]
             [0 3.9 4.3]
             [0 3.9 0]
             [0 3.1 0]
             [0 3 0]
             [0 3.2 4.5]
             [0 4.4 0]
             [0 4 3.4]
             [0 0 0]
             [0 4.1 3.7]
             [0 0 0]
             [0 4.6 3.1]
             [0 4.6 0]
             [0 3.5 4]
             [0 3.7 3.9]
             [0 0 0]
             [0 0 3.5]
             [0 4.2 3.5]
             [0 4.1 4.3]
             [0 4.9 4.4]
             [0 4 5]
             [0 0 3.5]
             [0 5 3.9]
             [0 0 3.5]
             [0 4.7 3.9]
             [0 4.7 4.4]
             [0 4.4 0]
             [0 3.7 0]
             [0 4 0]
             [0 4 4.1]
             [0 4.9 3]
             [0 0 4]
             [0 3.9 0]
             [0 0 4.8]
             [0 4.6 0]
             [0 4.2 0]
             [0 3.5 4]
             [0 0 3.6]
             [0 0 4.1]
             [0 0 3.7]
             [0 3.7 4.9]
             [0 0 3.8]
             [0 4.7 4]]
         [[0 0 0]
             [0 4.1 3]
             [0 0 4.5]
             [0 3.9 3.2]
             [0 0 4.8]
             [0 0 0]
             [0 4.4 3.8]
             [0 0 0]
             [0 0 0]
             [0 4.3 0]
             [0 3.6 4]
             [0 4.6 0]
             [0 4.1 4.5]
             [0 3.9 0]
             [0 4.7 0]
             [0 5 3.5]
             [0 3.2 4.8]
             [0 0 4.3]
             [0 0 0]
             [0 0 0]
             [0 4.4 0]
             [0 5 5]
             [0 4 4.7]
             [0 4.9 3.2]
             [0 3.3 0]
             [0 3.9 3.7]
             [0 4.5 0]
             [0 0 0]
             [0 0 0]
             [0 4.6 0]
             [0 4.9 4]
             [0 0 4.7]
             [0 0 4.1]
             [0 4.4 3.7]
             [0 4.8 0]
             [0 3.8 4.6]
             [0 0 0]
             [0 3.2 0]
             [0 4 3.5]
             [0 4.7 5]
             [0 4.1 3.9]
             [0 3.5 3.6]
             [0 3.3 0]
             [0 0 0]
             [0 4 0]
             [0 0 4.7]
             [0 4.1 0]
             [0 4.3 4.4]
             [0 4.9 3]
             [0 3.4 0]]
         [[0 0 0]
             [0 3.3 3.5]
             [0 0 3.4]
             [0 3 4.4]
             [0 0 4.7]
             [0 0 0]
             [0 4.5 4.3]
             [0 0 0]
             [0 0 0]
             [0 4.5 0]
             [0 4.7 4.6]
             [0 3.8 0]
             [0 4.8 4.8]
             [0 4.5 0]
             [0 4.8 0]
             [0 3.8 4.6]
             [0 4.2 4]
             [0 0 4.2]
             [0 0 0]
             [0 0 0]
             [0 3.7 0]
             [0 3.1 4.8]
             [0 3 4.5]
             [0 4 4]
             [0 3.4 0]
             [0 3.9 3.7]
             [0 4.3 0]
             [0 0 0]
             [0 0 0]
             [0 3.9 0]
             [0 3.7 4.1]
             [0 0 3.4]
             [0 0 3.5]
             [0 4.7 4.3]
             [0 3.6 0]
             [0 3.1 3.4]
             [0 0 0]
             [0 3.2 0]
             [0 3.8 3.1]
             [0 3.7 4.8]
             [0 4.4 3.8]
             [0 3.9 4.1]
             [0 3.5 0]
             [0 0 0]
             [0 4 0]
             [0 0 3.3]
             [0 4.8 0]
             [0 5 4.9]
             [0 3.6 3.5]
             [0 4.4 0]]
         [[0 0 0]
             [0 4.5 4.1]
             [0 0 3.8]
             [0 4.5 4.9]
             [0 0 4.6]
             [0 0 0]
             [0 4.2 3.8]
             [0 0 0]
             [0 0 0]
             [0 4.7 0]
             [0 4.5 4]
             [0 3.5 0]
             [0 5 3.6]
             [0 3.6 0]
             [0 4.3 0]
             [0 3.3 3.7]
             [0 3.8 3.5]
             [0 0 3.1]
             [0 0 0]
             [0 0 0]
             [0 3.3 0]
             [0 4.5 3.3]
             [0 4.1 4.7]
             [0 3.3 4.3]
             [0 4.7 0]
             [0 4.3 3.5]
             [0 3.2 0]
             [0 0 0]
             [0 0 0]
             [0 3 0]
             [0 3 4]
             [0 0 4.6]
             [0 0 5]
             [0 5 4]
             [0 4.4 0]
             [0 3.5 3.4]
             [0 0 0]
             [0 3.8 0]
             [0 4.3 4.4]
             [0 3.3 3.8]
             [0 3.7 4]
             [0 4.7 3.8]
             [0 3.4 0]
             [0 0 0]
             [0 4.5 0]
             [0 0 3.9]
             [0 3.2 0]
             [0 4.4 3.3]
             [0 3.2 5]
             [0 5 0]]
         [[0 0 0]
             [0 3.1 4.4]
             [0 0 3]
             [0 4 3.6]
             [0 0 3.6]
             [0 0 0]
             [0 4.3 3.3]
             [0 0 0]
             [0 0 0]
             [0 4.8 0]
             [0 4.7 4.2]
             [0 4.8 0]
             [0 4.5 3.5]
             [0 3.4 0]
             [0 3.1 0]
             [0 4.1 3.3]
             [0 3.6 3.4]
             [0 0 4.8]
             [0 0 0]
             [0 0 0]
             [0 3.6 0]
             [0 4.8 4.7]
             [0 3.7 3.7]
             [0 4.6 4.1]
             [0 3.1 0]
             [0 3.4 3.4]
             [0 5 0]
             [0 0 0]
             [0 0 0]
             [0 3.1 0]
             [0 3.4 4.5]
             [0 0 3.4]
             [0 0 3.4]
             [0 3.9 3.5]
             [0 4.2 0]
             [0 4.5 4.9]
             [0 0 0]
             [0 4.5 0]
             [0 4 4.9]
             [0 3 3]
             [0 3.6 3.7]
             [0 4.4 3.5]
             [0 3.6 0]
             [0 0 0]
             [0 3 0]
             [0 0 4]
             [0 3.1 0]
             [0 3 4]
             [0 4.6 4.6]
             [0 4.1 0]]
         [[0 0 0]
             [0 0 0]
             [0 0 0]
             [0 0 0]
             [0 0 0]
             [0 0 0]
             [0 0 0]
             [0 0 0]
             [0 0 0]
             [0 0 0]
             [0 0 0]
             [0 0 0]
             [0 0 0]
             [0 0 0]
             [0 0 0]
             [0 0 0]
             [0 0 0]
             [0 0 0]
             [0 0 0]
             [0 0 0]
             [0 0 0]
             [0 0 0]
             [0 0 0]
             [0 0 0]
             [0 0 0]
             [0 0 0]
             [0 0 0]
             [0 0 0]
             [0 0 0]
             [0 0 0]
             [0 0 0]
             [0 0 0]
             [0 0 0]
             [0 0 0]
             [0 0 0]
             [0 0 0]
             [0 0 0]
             [0 0 0]
             [0 0 0]
             [0 0 0]
             [0 0 0]
             [0 0 0]
             [0 0 0]
             [0 0 0]
             [0 0 0]
             [0 0 0]
             [0 0 0]
             [0 0 0]
             [0 0 0]
             [0 0 0]]
         [[0 0 0]
             [0 0 0]
             [0 0 0]
             [0 0 0]
             [0 0 0]
             [0 0 0]
             [0 0 0]
             [0 0 0]
             [0 0 0]
             [0 0 0]
             [0 0 0]
             [0 0 0]
             [0 0 0]
             [0 0 0]
             [0 0 0]
             [0 0 0]
             [0 0 0]
             [0 0 0]
             [0 0 0]
             [0 0 0]
             [0 0 0]
             [0 0 0]
             [0 0 0]
             [0 0 0]
             [0 0 0]
             [0 0 0]
             [0 0 0]
             [0 0 0]
             [0 0 0]
             [0 0 0]
             [0 0 0]
             [0 0 0]
             [0 0 0]
             [0 0 0]
             [0 0 0]
             [0 0 0]
             [0 0 0]
             [0 0 0]
             [0 0 0]
             [0 0 0]
             [0 0 0]
             [0 0 0]
             [0 0 0]
             [0 0 0]
             [0 0 0]
             [0 0 0]
             [0 0 0]
             [0 0 0]
             [0 0 0]
             [0 0 0]]
         [[0 0 0]
             [0 0 0]
             [0 0 0]
             [0 0 0]
             [0 0 0]
             [0 0 0]
             [0 0 0]
             [0 0 0]
             [0 0 0]
             [0 0 0]
             [0 0 0]
             [0 0 0]
             [0 0 0]
             [0 0 0]
             [0 0 0]
             [0 0 0]
             [0 0 0]
             [0 0 0]
             [0 0 0]
             [0 0 0]
             [0 0 0]
             [0 0 0]
             [0 0 0]
             [0 0 0]
             [0 0 0]
             [0 0 0]
             [0 0 0]
             [0 0 0]
             [0 0 0]
             [0 0 0]
             [0 0 0]
             [0 0 0]
             [0 0 0]
             [0 0 0]
             [0 0 0]
             [0 0 0]
             [0 0 0]
             [0 0 0]
             [0 0 0]
             [0 0 0]
             [0 0 0]
             [0 0 0]
             [0 0 0]
             [0 0 0]
             [0 0 0]
             [0 0 0]
             [0 0 0]
             [0 0 0]
             [0 0 0]
             [0 0 0]]
         [[0 0 0]
             [0 0 0]
             [0 0 0]
             [0 0 0]
             [0 0 0]
             [0 0 0]
             [0 0 0]
             [0 0 0]
             [0 0 0]
             [0 0 0]
             [0 0 0]
             [0 0 0]
             [0 0 0]
             [0 0 0]
             [0 0 0]
             [0 0 0]
             [0 0 0]
             [0 0 0]
             [0 0 0]
             [0 0 0]
             [0 0 0]
             [0 0 0]
             [0 0 0]
             [0 0 0]
             [0 0 0]
             [0 0 0]
             [0 0 0]
             [0 0 0]
             [0 0 0]
             [0 0 0]
             [0 0 0]
             [0 0 0]
             [0 0 0]
             [0 0 0]
             [0 0 0]
             [0 0 0]
             [0 0 0]
             [0 0 0]
             [0 0 0]
             [0 0 0]
             [0 0 0]
             [0 0 0]
             [0 0 0]
             [0 0 0]
             [0 0 0]
             [0 0 0]
             [0 0 0]
             [0 0 0]
             [0 0 0]
             [0 0 0]]];
