nbProcess = 3;
nbJobs = 50;
nbMchs = 20;
Process1 =  [3 3 3 3 3 3 3 3 3 3 3 3 3 3 3 3 3 3 3 3 3 3 3 3 3 3 3 3 3 3 3 3 3 3 3 3 3
     3 3 3 3 3 3 3 3 3 3 3 3 3];
pidle =  [3 3 1 1 2 3 3 3 1 3 3 2 3 2 1 3 2 2 1 3];
EnergyS =  [30 30 10 30 60 30 10 10 10 10 60 30 60 10 30 30 30 60 30 10];
TB =  [16 16 16 16 16 16 8 16 8 16 8 12 8 8 12 8 8 12 8 12];
x =  [[[1 0 0]
             [1 0 0]
             [1 0 0]
             [1 0 0]
             [1 0 0]
             [1 0 0]
             [1 0 0]
             [1 0 0]
             [1 0 0]
             [1 0 0]
             [1 0 0]
             [1 0 0]
             [1 0 0]
             [1 0 0]
             [1 0 0]
             [1 0 0]
             [1 0 0]
             [1 0 0]
             [1 0 0]
             [1 0 0]
             [1 0 0]
             [1 0 0]
             [1 0 0]
             [1 0 0]
             [1 0 0]
             [1 0 0]
             [1 0 0]
             [1 0 0]
             [1 0 0]
             [1 0 0]
             [1 0 0]
             [1 0 0]
             [1 0 0]
             [1 0 0]
             [1 0 0]
             [1 0 0]
             [1 0 0]
             [1 0 0]
             [1 0 0]
             [1 0 0]
             [1 0 0]
             [1 0 0]
             [1 0 0]
             [1 0 0]
             [1 0 0]
             [1 0 0]
             [1 0 0]
             [1 0 0]
             [1 0 0]
             [1 0 0]]
         [[1 0 0]
             [1 0 0]
             [1 0 0]
             [1 0 0]
             [1 0 0]
             [1 0 0]
             [1 0 0]
             [1 0 0]
             [1 0 0]
             [1 0 0]
             [1 0 0]
             [1 0 0]
             [1 0 0]
             [1 0 0]
             [1 0 0]
             [1 0 0]
             [1 0 0]
             [1 0 0]
             [1 0 0]
             [1 0 0]
             [1 0 0]
             [1 0 0]
             [1 0 0]
             [1 0 0]
             [1 0 0]
             [1 0 0]
             [1 0 0]
             [1 0 0]
             [1 0 0]
             [1 0 0]
             [1 0 0]
             [1 0 0]
             [1 0 0]
             [1 0 0]
             [1 0 0]
             [1 0 0]
             [1 0 0]
             [1 0 0]
             [1 0 0]
             [1 0 0]
             [1 0 0]
             [1 0 0]
             [1 0 0]
             [1 0 0]
             [1 0 0]
             [1 0 0]
             [1 0 0]
             [1 0 0]
             [1 0 0]
             [1 0 0]]
         [[1 0 0]
             [1 0 0]
             [1 0 0]
             [1 0 0]
             [1 0 0]
             [1 0 0]
             [1 0 0]
             [1 0 0]
             [1 0 0]
             [1 0 0]
             [1 0 0]
             [1 0 0]
             [1 0 0]
             [1 0 0]
             [1 0 0]
             [1 0 0]
             [1 0 0]
             [1 0 0]
             [1 0 0]
             [1 0 0]
             [1 0 0]
             [1 0 0]
             [1 0 0]
             [1 0 0]
             [1 0 0]
             [1 0 0]
             [1 0 0]
             [1 0 0]
             [1 0 0]
             [1 0 0]
             [1 0 0]
             [1 0 0]
             [1 0 0]
             [1 0 0]
             [1 0 0]
             [1 0 0]
             [1 0 0]
             [1 0 0]
             [1 0 0]
             [1 0 0]
             [1 0 0]
             [1 0 0]
             [1 0 0]
             [1 0 0]
             [1 0 0]
             [1 0 0]
             [1 0 0]
             [1 0 0]
             [1 0 0]
             [1 0 0]]
         [[1 0 0]
             [1 0 0]
             [1 0 0]
             [1 0 0]
             [1 0 0]
             [1 0 0]
             [1 0 0]
             [1 0 0]
             [1 0 0]
             [1 0 0]
             [1 0 0]
             [1 0 0]
             [1 0 0]
             [1 0 0]
             [1 0 0]
             [1 0 0]
             [1 0 0]
             [1 0 0]
             [1 0 0]
             [1 0 0]
             [1 0 0]
             [1 0 0]
             [1 0 0]
             [1 0 0]
             [1 0 0]
             [1 0 0]
             [1 0 0]
             [1 0 0]
             [1 0 0]
             [1 0 0]
             [1 0 0]
             [1 0 0]
             [1 0 0]
             [1 0 0]
             [1 0 0]
             [1 0 0]
             [1 0 0]
             [1 0 0]
             [1 0 0]
             [1 0 0]
             [1 0 0]
             [1 0 0]
             [1 0 0]
             [1 0 0]
             [1 0 0]
             [1 0 0]
             [1 0 0]
             [1 0 0]
             [1 0 0]
             [1 0 0]]
         [[0 1 1]
             [0 1 1]
             [0 1 1]
             [0 1 1]
             [0 1 1]
             [0 0 0]
             [0 1 0]
             [0 1 1]
             [0 1 0]
             [0 0 1]
             [0 1 0]
             [0 1 0]
             [0 1 0]
             [0 1 1]
             [0 1 1]
             [0 1 1]
             [0 1 1]
             [0 0 1]
             [0 0 0]
             [0 0 0]
             [0 1 0]
             [0 1 1]
             [0 0 1]
             [0 1 1]
             [0 1 1]
             [0 0 1]
             [0 0 1]
             [0 1 1]
             [0 0 0]
             [0 0 1]
             [0 1 1]
             [0 1 0]
             [0 1 1]
             [0 0 0]
             [0 0 1]
             [0 1 1]
             [0 0 0]
             [0 1 0]
             [0 1 0]
             [0 0 1]
             [0 1 0]
             [0 1 1]
             [0 1 1]
             [0 1 1]
             [0 0 1]
             [0 1 1]
             [0 1 1]
             [0 1 1]
             [0 0 1]
             [0 1 0]]
         [[0 1 1]
             [0 1 1]
             [0 1 1]
             [0 1 1]
             [0 1 1]
             [0 0 0]
             [0 1 0]
             [0 1 1]
             [0 1 0]
             [0 0 1]
             [0 1 0]
             [0 1 0]
             [0 1 0]
             [0 1 1]
             [0 1 1]
             [0 1 1]
             [0 1 1]
             [0 0 1]
             [0 0 0]
             [0 0 0]
             [0 1 0]
             [0 1 1]
             [0 0 1]
             [0 1 1]
             [0 1 1]
             [0 0 1]
             [0 0 1]
             [0 1 1]
             [0 0 0]
             [0 0 1]
             [0 1 1]
             [0 1 0]
             [0 1 1]
             [0 0 0]
             [0 0 1]
             [0 1 1]
             [0 0 0]
             [0 1 0]
             [0 1 0]
             [0 0 1]
             [0 1 0]
             [0 1 1]
             [0 1 1]
             [0 1 1]
             [0 0 1]
             [0 1 1]
             [0 1 1]
             [0 1 1]
             [0 0 1]
             [0 1 0]]
         [[0 1 1]
             [0 1 1]
             [0 1 1]
             [0 1 1]
             [0 1 1]
             [0 0 0]
             [0 1 0]
             [0 1 1]
             [0 1 0]
             [0 0 1]
             [0 1 0]
             [0 1 0]
             [0 1 0]
             [0 1 1]
             [0 1 1]
             [0 1 1]
             [0 1 1]
             [0 0 1]
             [0 0 0]
             [0 0 0]
             [0 1 0]
             [0 1 1]
             [0 0 1]
             [0 1 1]
             [0 1 1]
             [0 0 1]
             [0 0 1]
             [0 1 1]
             [0 0 0]
             [0 0 1]
             [0 1 1]
             [0 1 0]
             [0 1 1]
             [0 0 0]
             [0 0 1]
             [0 1 1]
             [0 0 0]
             [0 1 0]
             [0 1 0]
             [0 0 1]
             [0 1 0]
             [0 1 1]
             [0 1 1]
             [0 1 1]
             [0 0 1]
             [0 1 1]
             [0 1 1]
             [0 1 1]
             [0 0 1]
             [0 1 0]]
         [[0 1 1]
             [0 1 1]
             [0 1 1]
             [0 1 1]
             [0 1 1]
             [0 0 0]
             [0 1 0]
             [0 1 1]
             [0 1 0]
             [0 0 1]
             [0 1 0]
             [0 1 0]
             [0 1 0]
             [0 1 1]
             [0 1 1]
             [0 1 1]
             [0 1 1]
             [0 0 1]
             [0 0 0]
             [0 0 0]
             [0 1 0]
             [0 1 1]
             [0 0 1]
             [0 1 1]
             [0 1 1]
             [0 0 1]
             [0 0 1]
             [0 1 1]
             [0 0 0]
             [0 0 1]
             [0 1 1]
             [0 1 0]
             [0 1 1]
             [0 0 0]
             [0 0 1]
             [0 1 1]
             [0 0 0]
             [0 1 0]
             [0 1 0]
             [0 0 1]
             [0 1 0]
             [0 1 1]
             [0 1 1]
             [0 1 1]
             [0 0 1]
             [0 1 1]
             [0 1 1]
             [0 1 1]
             [0 0 1]
             [0 1 0]]
         [[0 1 1]
             [0 1 0]
             [0 0 1]
             [0 0 1]
             [0 1 1]
             [0 1 1]
             [0 1 1]
             [0 0 1]
             [0 1 1]
             [0 0 1]
             [0 0 1]
             [0 1 1]
             [0 1 1]
             [0 1 0]
             [0 0 0]
             [0 1 0]
             [0 0 1]
             [0 1 0]
             [0 1 1]
             [0 0 1]
             [0 1 1]
             [0 1 1]
             [0 0 0]
             [0 1 0]
             [0 0 0]
             [0 1 0]
             [0 1 0]
             [0 0 1]
             [0 1 1]
             [0 1 1]
             [0 1 1]
             [0 1 1]
             [0 0 1]
             [0 1 1]
             [0 0 1]
             [0 0 1]
             [0 1 1]
             [0 1 1]
             [0 0 0]
             [0 1 0]
             [0 1 1]
             [0 1 0]
             [0 1 1]
             [0 1 0]
             [0 1 1]
             [0 0 1]
             [0 1 1]
             [0 0 1]
             [0 0 1]
             [0 1 1]]
         [[0 1 1]
             [0 1 0]
             [0 0 1]
             [0 0 1]
             [0 1 1]
             [0 1 1]
             [0 1 1]
             [0 0 1]
             [0 1 1]
             [0 0 1]
             [0 0 1]
             [0 1 1]
             [0 1 1]
             [0 1 0]
             [0 0 0]
             [0 1 0]
             [0 0 1]
             [0 1 0]
             [0 1 1]
             [0 0 1]
             [0 1 1]
             [0 1 1]
             [0 0 0]
             [0 1 0]
             [0 0 0]
             [0 1 0]
             [0 1 0]
             [0 0 1]
             [0 1 1]
             [0 1 1]
             [0 1 1]
             [0 1 1]
             [0 0 1]
             [0 1 1]
             [0 0 1]
             [0 0 1]
             [0 1 1]
             [0 1 1]
             [0 0 0]
             [0 1 0]
             [0 1 1]
             [0 1 0]
             [0 1 1]
             [0 1 0]
             [0 1 1]
             [0 0 1]
             [0 1 1]
             [0 0 1]
             [0 0 1]
             [0 1 1]]
         [[0 1 1]
             [0 1 0]
             [0 0 1]
             [0 0 1]
             [0 1 1]
             [0 1 1]
             [0 1 1]
             [0 0 1]
             [0 1 1]
             [0 0 1]
             [0 0 1]
             [0 1 1]
             [0 1 1]
             [0 1 0]
             [0 0 0]
             [0 1 0]
             [0 0 1]
             [0 1 0]
             [0 1 1]
             [0 0 1]
             [0 1 1]
             [0 1 1]
             [0 0 0]
             [0 1 0]
             [0 0 0]
             [0 1 0]
             [0 1 0]
             [0 0 1]
             [0 1 1]
             [0 1 1]
             [0 1 1]
             [0 1 1]
             [0 0 1]
             [0 1 1]
             [0 0 1]
             [0 0 1]
             [0 1 1]
             [0 1 1]
             [0 0 0]
             [0 1 0]
             [0 1 1]
             [0 1 0]
             [0 1 1]
             [0 1 0]
             [0 1 1]
             [0 0 1]
             [0 1 1]
             [0 0 1]
             [0 0 1]
             [0 1 1]]
         [[0 1 1]
             [0 1 0]
             [0 0 1]
             [0 0 1]
             [0 1 1]
             [0 1 1]
             [0 1 1]
             [0 0 1]
             [0 1 1]
             [0 0 1]
             [0 0 1]
             [0 1 1]
             [0 1 1]
             [0 1 0]
             [0 0 0]
             [0 1 0]
             [0 0 1]
             [0 1 0]
             [0 1 1]
             [0 0 1]
             [0 1 1]
             [0 1 1]
             [0 0 0]
             [0 1 0]
             [0 0 0]
             [0 1 0]
             [0 1 0]
             [0 0 1]
             [0 1 1]
             [0 1 1]
             [0 1 1]
             [0 1 1]
             [0 0 1]
             [0 1 1]
             [0 0 1]
             [0 0 1]
             [0 1 1]
             [0 1 1]
             [0 0 0]
             [0 1 0]
             [0 1 1]
             [0 1 0]
             [0 1 1]
             [0 1 0]
             [0 1 1]
             [0 0 1]
             [0 1 1]
             [0 0 1]
             [0 0 1]
             [0 1 1]]
         [[0 1 1]
             [0 1 0]
             [0 0 1]
             [0 0 0]
             [0 1 1]
             [0 1 1]
             [0 1 1]
             [0 0 1]
             [0 1 1]
             [0 1 1]
             [0 0 1]
             [0 1 0]
             [0 0 1]
             [0 1 0]
             [0 1 1]
             [0 1 1]
             [0 0 1]
             [0 1 1]
             [0 1 1]
             [0 1 0]
             [0 1 1]
             [0 1 0]
             [0 1 0]
             [0 0 1]
             [0 0 0]
             [0 0 0]
             [0 0 1]
             [0 0 0]
             [0 1 0]
             [0 0 0]
             [0 1 1]
             [0 1 1]
             [0 1 1]
             [0 0 1]
             [0 1 0]
             [0 0 1]
             [0 1 0]
             [0 1 1]
             [0 1 1]
             [0 0 1]
             [0 1 0]
             [0 1 0]
             [0 1 1]
             [0 1 1]
             [0 1 1]
             [0 0 0]
             [0 0 1]
             [0 0 1]
             [0 1 1]
             [0 0 0]]
         [[0 1 1]
             [0 1 0]
             [0 0 1]
             [0 0 0]
             [0 1 1]
             [0 1 1]
             [0 1 1]
             [0 0 1]
             [0 1 1]
             [0 1 1]
             [0 0 1]
             [0 1 0]
             [0 0 1]
             [0 1 0]
             [0 1 1]
             [0 1 1]
             [0 0 1]
             [0 1 1]
             [0 1 1]
             [0 1 0]
             [0 1 1]
             [0 1 0]
             [0 1 0]
             [0 0 1]
             [0 0 0]
             [0 0 0]
             [0 0 1]
             [0 0 0]
             [0 1 0]
             [0 0 0]
             [0 1 1]
             [0 1 1]
             [0 1 1]
             [0 0 1]
             [0 1 0]
             [0 0 1]
             [0 1 0]
             [0 1 1]
             [0 1 1]
             [0 0 1]
             [0 1 0]
             [0 1 0]
             [0 1 1]
             [0 1 1]
             [0 1 1]
             [0 0 0]
             [0 0 1]
             [0 0 1]
             [0 1 1]
             [0 0 0]]
         [[0 1 1]
             [0 1 0]
             [0 0 1]
             [0 0 0]
             [0 1 1]
             [0 1 1]
             [0 1 1]
             [0 0 1]
             [0 1 1]
             [0 1 1]
             [0 0 1]
             [0 1 0]
             [0 0 1]
             [0 1 0]
             [0 1 1]
             [0 1 1]
             [0 0 1]
             [0 1 1]
             [0 1 1]
             [0 1 0]
             [0 1 1]
             [0 1 0]
             [0 1 0]
             [0 0 1]
             [0 0 0]
             [0 0 0]
             [0 0 1]
             [0 0 0]
             [0 1 0]
             [0 0 0]
             [0 1 1]
             [0 1 1]
             [0 1 1]
             [0 0 1]
             [0 1 0]
             [0 0 1]
             [0 1 0]
             [0 1 1]
             [0 1 1]
             [0 0 1]
             [0 1 0]
             [0 1 0]
             [0 1 1]
             [0 1 1]
             [0 1 1]
             [0 0 0]
             [0 0 1]
             [0 0 1]
             [0 1 1]
             [0 0 0]]
         [[0 1 1]
             [0 1 0]
             [0 0 1]
             [0 0 0]
             [0 1 1]
             [0 1 1]
             [0 1 1]
             [0 0 1]
             [0 1 1]
             [0 1 1]
             [0 0 1]
             [0 1 0]
             [0 0 1]
             [0 1 0]
             [0 1 1]
             [0 1 1]
             [0 0 1]
             [0 1 1]
             [0 1 1]
             [0 1 0]
             [0 1 1]
             [0 1 0]
             [0 1 0]
             [0 0 1]
             [0 0 0]
             [0 0 0]
             [0 0 1]
             [0 0 0]
             [0 1 0]
             [0 0 0]
             [0 1 1]
             [0 1 1]
             [0 1 1]
             [0 0 1]
             [0 1 0]
             [0 0 1]
             [0 1 0]
             [0 1 1]
             [0 1 1]
             [0 0 1]
             [0 1 0]
             [0 1 0]
             [0 1 1]
             [0 1 1]
             [0 1 1]
             [0 0 0]
             [0 0 1]
             [0 0 1]
             [0 1 1]
             [0 0 0]]
         [[0 0 0]
             [0 0 0]
             [0 0 0]
             [0 0 0]
             [0 0 0]
             [0 0 0]
             [0 0 0]
             [0 0 0]
             [0 0 0]
             [0 0 0]
             [0 0 0]
             [0 0 0]
             [0 0 0]
             [0 0 0]
             [0 0 0]
             [0 0 0]
             [0 0 0]
             [0 0 0]
             [0 0 0]
             [0 0 0]
             [0 0 0]
             [0 0 0]
             [0 0 0]
             [0 0 0]
             [0 0 0]
             [0 0 0]
             [0 0 0]
             [0 0 0]
             [0 0 0]
             [0 0 0]
             [0 0 0]
             [0 0 0]
             [0 0 0]
             [0 0 0]
             [0 0 0]
             [0 0 0]
             [0 0 0]
             [0 0 0]
             [0 0 0]
             [0 0 0]
             [0 0 0]
             [0 0 0]
             [0 0 0]
             [0 0 0]
             [0 0 0]
             [0 0 0]
             [0 0 0]
             [0 0 0]
             [0 0 0]
             [0 0 0]]
         [[0 0 0]
             [0 0 0]
             [0 0 0]
             [0 0 0]
             [0 0 0]
             [0 0 0]
             [0 0 0]
             [0 0 0]
             [0 0 0]
             [0 0 0]
             [0 0 0]
             [0 0 0]
             [0 0 0]
             [0 0 0]
             [0 0 0]
             [0 0 0]
             [0 0 0]
             [0 0 0]
             [0 0 0]
             [0 0 0]
             [0 0 0]
             [0 0 0]
             [0 0 0]
             [0 0 0]
             [0 0 0]
             [0 0 0]
             [0 0 0]
             [0 0 0]
             [0 0 0]
             [0 0 0]
             [0 0 0]
             [0 0 0]
             [0 0 0]
             [0 0 0]
             [0 0 0]
             [0 0 0]
             [0 0 0]
             [0 0 0]
             [0 0 0]
             [0 0 0]
             [0 0 0]
             [0 0 0]
             [0 0 0]
             [0 0 0]
             [0 0 0]
             [0 0 0]
             [0 0 0]
             [0 0 0]
             [0 0 0]
             [0 0 0]]
         [[0 0 0]
             [0 0 0]
             [0 0 0]
             [0 0 0]
             [0 0 0]
             [0 0 0]
             [0 0 0]
             [0 0 0]
             [0 0 0]
             [0 0 0]
             [0 0 0]
             [0 0 0]
             [0 0 0]
             [0 0 0]
             [0 0 0]
             [0 0 0]
             [0 0 0]
             [0 0 0]
             [0 0 0]
             [0 0 0]
             [0 0 0]
             [0 0 0]
             [0 0 0]
             [0 0 0]
             [0 0 0]
             [0 0 0]
             [0 0 0]
             [0 0 0]
             [0 0 0]
             [0 0 0]
             [0 0 0]
             [0 0 0]
             [0 0 0]
             [0 0 0]
             [0 0 0]
             [0 0 0]
             [0 0 0]
             [0 0 0]
             [0 0 0]
             [0 0 0]
             [0 0 0]
             [0 0 0]
             [0 0 0]
             [0 0 0]
             [0 0 0]
             [0 0 0]
             [0 0 0]
             [0 0 0]
             [0 0 0]
             [0 0 0]]
         [[0 0 0]
             [0 0 0]
             [0 0 0]
             [0 0 0]
             [0 0 0]
             [0 0 0]
             [0 0 0]
             [0 0 0]
             [0 0 0]
             [0 0 0]
             [0 0 0]
             [0 0 0]
             [0 0 0]
             [0 0 0]
             [0 0 0]
             [0 0 0]
             [0 0 0]
             [0 0 0]
             [0 0 0]
             [0 0 0]
             [0 0 0]
             [0 0 0]
             [0 0 0]
             [0 0 0]
             [0 0 0]
             [0 0 0]
             [0 0 0]
             [0 0 0]
             [0 0 0]
             [0 0 0]
             [0 0 0]
             [0 0 0]
             [0 0 0]
             [0 0 0]
             [0 0 0]
             [0 0 0]
             [0 0 0]
             [0 0 0]
             [0 0 0]
             [0 0 0]
             [0 0 0]
             [0 0 0]
             [0 0 0]
             [0 0 0]
             [0 0 0]
             [0 0 0]
             [0 0 0]
             [0 0 0]
             [0 0 0]
             [0 0 0]]];
ptime =  [[[18 0 0]
             [21 0 0]
             [20 0 0]
             [27 0 0]
             [30 0 0]
             [14 0 0]
             [21 0 0]
             [24 0 0]
             [19 0 0]
             [24 0 0]
             [26 0 0]
             [23 0 0]
             [12 0 0]
             [19 0 0]
             [20 0 0]
             [18 0 0]
             [17 0 0]
             [22 0 0]
             [28 0 0]
             [16 0 0]
             [21 0 0]
             [15 0 0]
             [13 0 0]
             [22 0 0]
             [28 0 0]
             [16 0 0]
             [14 0 0]
             [14 0 0]
             [22 0 0]
             [14 0 0]
             [20 0 0]
             [29 0 0]
             [20 0 0]
             [30 0 0]
             [29 0 0]
             [19 0 0]
             [21 0 0]
             [11 0 0]
             [18 0 0]
             [10 0 0]
             [27 0 0]
             [16 0 0]
             [17 0 0]
             [16 0 0]
             [29 0 0]
             [21 0 0]
             [19 0 0]
             [10 0 0]
             [12 0 0]
             [11 0 0]]
         [[25 0 0]
             [26 0 0]
             [16 0 0]
             [23 0 0]
             [10 0 0]
             [30 0 0]
             [25 0 0]
             [22 0 0]
             [19 0 0]
             [11 0 0]
             [20 0 0]
             [14 0 0]
             [14 0 0]
             [15 0 0]
             [24 0 0]
             [17 0 0]
             [25 0 0]
             [12 0 0]
             [17 0 0]
             [18 0 0]
             [30 0 0]
             [19 0 0]
             [13 0 0]
             [17 0 0]
             [10 0 0]
             [30 0 0]
             [30 0 0]
             [14 0 0]
             [28 0 0]
             [18 0 0]
             [30 0 0]
             [23 0 0]
             [21 0 0]
             [20 0 0]
             [20 0 0]
             [29 0 0]
             [19 0 0]
             [29 0 0]
             [10 0 0]
             [30 0 0]
             [27 0 0]
             [24 0 0]
             [16 0 0]
             [25 0 0]
             [26 0 0]
             [18 0 0]
             [29 0 0]
             [30 0 0]
             [12 0 0]
             [15 0 0]]
         [[27 0 0]
             [11 0 0]
             [29 0 0]
             [10 0 0]
             [18 0 0]
             [11 0 0]
             [29 0 0]
             [13 0 0]
             [24 0 0]
             [15 0 0]
             [19 0 0]
             [21 0 0]
             [26 0 0]
             [22 0 0]
             [21 0 0]
             [10 0 0]
             [22 0 0]
             [28 0 0]
             [11 0 0]
             [22 0 0]
             [23 0 0]
             [22 0 0]
             [21 0 0]
             [22 0 0]
             [20 0 0]
             [20 0 0]
             [27 0 0]
             [16 0 0]
             [11 0 0]
             [12 0 0]
             [14 0 0]
             [20 0 0]
             [17 0 0]
             [26 0 0]
             [28 0 0]
             [25 0 0]
             [17 0 0]
             [25 0 0]
             [14 0 0]
             [19 0 0]
             [18 0 0]
             [18 0 0]
             [28 0 0]
             [19 0 0]
             [19 0 0]
             [14 0 0]
             [27 0 0]
             [27 0 0]
             [29 0 0]
             [16 0 0]]
         [[21 0 0]
             [28 0 0]
             [19 0 0]
             [27 0 0]
             [24 0 0]
             [17 0 0]
             [18 0 0]
             [15 0 0]
             [10 0 0]
             [10 0 0]
             [10 0 0]
             [10 0 0]
             [14 0 0]
             [17 0 0]
             [16 0 0]
             [17 0 0]
             [21 0 0]
             [24 0 0]
             [10 0 0]
             [23 0 0]
             [11 0 0]
             [16 0 0]
             [22 0 0]
             [20 0 0]
             [26 0 0]
             [14 0 0]
             [29 0 0]
             [25 0 0]
             [22 0 0]
             [21 0 0]
             [28 0 0]
             [30 0 0]
             [21 0 0]
             [29 0 0]
             [18 0 0]
             [30 0 0]
             [20 0 0]
             [20 0 0]
             [18 0 0]
             [28 0 0]
             [10 0 0]
             [21 0 0]
             [24 0 0]
             [30 0 0]
             [15 0 0]
             [16 0 0]
             [13 0 0]
             [22 0 0]
             [20 0 0]
             [27 0 0]]
         [[0 23 22]
             [0 15 26]
             [0 10 19]
             [0 10 16]
             [0 17 13]
             [0 0 0]
             [0 24 0]
             [0 12 13]
             [0 13 0]
             [0 0 12]
             [0 18 0]
             [0 11 0]
             [0 28 0]
             [0 26 12]
             [0 27 22]
             [0 14 19]
             [0 26 20]
             [0 0 20]
             [0 0 0]
             [0 0 0]
             [0 28 0]
             [0 23 27]
             [0 0 23]
             [0 28 27]
             [0 21 19]
             [0 0 12]
             [0 0 20]
             [0 30 19]
             [0 0 0]
             [0 0 29]
             [0 27 17]
             [0 11 0]
             [0 22 24]
             [0 0 0]
             [0 0 20]
             [0 22 30]
             [0 0 0]
             [0 12 0]
             [0 13 0]
             [0 0 30]
             [0 22 0]
             [0 26 11]
             [0 18 13]
             [0 18 17]
             [0 0 25]
             [0 25 29]
             [0 28 18]
             [0 15 14]
             [0 0 13]
             [0 23 0]]
         [[0 29 17]
             [0 30 24]
             [0 11 17]
             [0 10 25]
             [0 11 22]
             [0 0 0]
             [0 20 0]
             [0 11 30]
             [0 26 0]
             [0 0 13]
             [0 26 0]
             [0 28 0]
             [0 12 0]
             [0 17 13]
             [0 12 29]
             [0 21 17]
             [0 19 21]
             [0 0 25]
             [0 0 0]
             [0 0 0]
             [0 16 0]
             [0 26 22]
             [0 0 17]
             [0 26 15]
             [0 13 20]
             [0 0 28]
             [0 0 17]
             [0 27 26]
             [0 0 0]
             [0 0 27]
             [0 20 27]
             [0 24 0]
             [0 17 14]
             [0 0 0]
             [0 0 26]
             [0 20 17]
             [0 0 0]
             [0 13 0]
             [0 30 0]
             [0 0 14]
             [0 26 0]
             [0 14 29]
             [0 29 19]
             [0 29 14]
             [0 0 18]
             [0 27 22]
             [0 28 13]
             [0 29 30]
             [0 0 27]
             [0 29 0]]
         [[0 26 26]
             [0 30 28]
             [0 12 24]
             [0 28 13]
             [0 30 25]
             [0 0 0]
             [0 14 0]
             [0 28 28]
             [0 15 0]
             [0 0 11]
             [0 21 0]
             [0 16 0]
             [0 14 0]
             [0 13 24]
             [0 25 24]
             [0 11 20]
             [0 16 17]
             [0 0 27]
             [0 0 0]
             [0 0 0]
             [0 24 0]
             [0 12 15]
             [0 0 24]
             [0 14 24]
             [0 28 10]
             [0 0 25]
             [0 0 13]
             [0 19 29]
             [0 0 0]
             [0 0 16]
             [0 10 18]
             [0 17 0]
             [0 21 25]
             [0 0 0]
             [0 0 25]
             [0 14 13]
             [0 0 0]
             [0 26 0]
             [0 27 0]
             [0 0 14]
             [0 26 0]
             [0 27 11]
             [0 16 20]
             [0 29 18]
             [0 0 20]
             [0 14 21]
             [0 29 30]
             [0 17 29]
             [0 0 14]
             [0 25 0]]
         [[0 16 24]
             [0 27 17]
             [0 17 11]
             [0 14 12]
             [0 17 21]
             [0 0 0]
             [0 27 0]
             [0 16 11]
             [0 24 0]
             [0 0 10]
             [0 18 0]
             [0 13 0]
             [0 22 0]
             [0 26 10]
             [0 16 15]
             [0 23 11]
             [0 13 24]
             [0 0 19]
             [0 0 0]
             [0 0 0]
             [0 15 0]
             [0 28 14]
             [0 0 11]
             [0 18 28]
             [0 13 13]
             [0 0 26]
             [0 0 12]
             [0 26 30]
             [0 0 0]
             [0 0 19]
             [0 28 15]
             [0 17 0]
             [0 11 20]
             [0 0 0]
             [0 0 20]
             [0 23 22]
             [0 0 0]
             [0 15 0]
             [0 22 0]
             [0 0 11]
             [0 14 0]
             [0 28 30]
             [0 15 10]
             [0 29 19]
             [0 0 29]
             [0 12 26]
             [0 26 26]
             [0 29 23]
             [0 0 22]
             [0 28 0]]
         [[0 29 11]
             [0 30 0]
             [0 0 21]
             [0 0 23]
             [0 11 19]
             [0 14 30]
             [0 26 16]
             [0 0 25]
             [0 29 26]
             [0 0 11]
             [0 0 30]
             [0 11 12]
             [0 26 20]
             [0 25 0]
             [0 0 0]
             [0 23 0]
             [0 0 30]
             [0 10 0]
             [0 24 18]
             [0 0 13]
             [0 28 12]
             [0 15 20]
             [0 0 0]
             [0 11 0]
             [0 0 0]
             [0 19 0]
             [0 13 0]
             [0 0 25]
             [0 19 11]
             [0 21 10]
             [0 13 24]
             [0 27 27]
             [0 0 12]
             [0 24 26]
             [0 0 12]
             [0 0 28]
             [0 30 28]
             [0 15 26]
             [0 0 0]
             [0 11 0]
             [0 29 10]
             [0 12 0]
             [0 21 18]
             [0 30 0]
             [0 12 22]
             [0 0 26]
             [0 30 13]
             [0 0 13]
             [0 0 30]
             [0 20 14]]
         [[0 18 30]
             [0 10 0]
             [0 0 23]
             [0 0 26]
             [0 12 14]
             [0 30 14]
             [0 11 21]
             [0 0 13]
             [0 18 30]
             [0 0 14]
             [0 0 26]
             [0 27 30]
             [0 25 22]
             [0 30 0]
             [0 0 0]
             [0 27 0]
             [0 0 29]
             [0 23 0]
             [0 20 24]
             [0 0 30]
             [0 24 12]
             [0 12 19]
             [0 0 0]
             [0 15 0]
             [0 0 0]
             [0 18 0]
             [0 10 0]
             [0 0 27]
             [0 25 21]
             [0 18 21]
             [0 21 21]
             [0 18 22]
             [0 0 11]
             [0 21 12]
             [0 0 13]
             [0 0 21]
             [0 21 11]
             [0 15 26]
             [0 0 0]
             [0 30 0]
             [0 13 16]
             [0 26 0]
             [0 28 12]
             [0 11 0]
             [0 29 14]
             [0 0 29]
             [0 27 17]
             [0 0 30]
             [0 0 20]
             [0 15 11]]
         [[0 28 16]
             [0 29 0]
             [0 0 18]
             [0 0 25]
             [0 21 16]
             [0 18 15]
             [0 17 26]
             [0 0 10]
             [0 10 28]
             [0 0 26]
             [0 0 25]
             [0 21 20]
             [0 26 27]
             [0 26 0]
             [0 0 0]
             [0 13 0]
             [0 0 29]
             [0 11 0]
             [0 12 29]
             [0 0 22]
             [0 10 11]
             [0 29 26]
             [0 0 0]
             [0 17 0]
             [0 0 0]
             [0 12 0]
             [0 13 0]
             [0 0 15]
             [0 15 28]
             [0 21 27]
             [0 17 11]
             [0 29 13]
             [0 0 27]
             [0 21 17]
             [0 0 16]
             [0 0 18]
             [0 23 27]
             [0 14 17]
             [0 0 0]
             [0 29 0]
             [0 13 12]
             [0 26 0]
             [0 11 17]
             [0 12 0]
             [0 29 14]
             [0 0 29]
             [0 26 21]
             [0 0 10]
             [0 0 20]
             [0 18 26]]
         [[0 13 26]
             [0 19 0]
             [0 0 22]
             [0 0 11]
             [0 13 21]
             [0 27 15]
             [0 15 29]
             [0 0 16]
             [0 28 30]
             [0 0 26]
             [0 0 11]
             [0 15 27]
             [0 23 18]
             [0 13 0]
             [0 0 0]
             [0 19 0]
             [0 0 11]
             [0 21 0]
             [0 21 14]
             [0 0 25]
             [0 24 28]
             [0 19 10]
             [0 0 0]
             [0 24 0]
             [0 0 0]
             [0 23 0]
             [0 22 0]
             [0 0 10]
             [0 30 24]
             [0 19 22]
             [0 27 27]
             [0 16 11]
             [0 0 15]
             [0 28 29]
             [0 0 10]
             [0 0 17]
             [0 27 13]
             [0 14 18]
             [0 0 0]
             [0 24 0]
             [0 28 11]
             [0 24 0]
             [0 26 13]
             [0 22 0]
             [0 11 24]
             [0 0 17]
             [0 22 15]
             [0 0 22]
             [0 0 16]
             [0 14 19]]
         [[0 28 12]
             [0 15 0]
             [0 0 17]
             [0 0 0]
             [0 18 20]
             [0 23 21]
             [0 27 24]
             [0 0 12]
             [0 25 25]
             [0 15 25]
             [0 0 10]
             [0 17 0]
             [0 0 25]
             [0 23 0]
             [0 20 12]
             [0 25 13]
             [0 0 27]
             [0 30 16]
             [0 13 14]
             [0 12 0]
             [0 22 24]
             [0 12 0]
             [0 29 0]
             [0 0 23]
             [0 0 0]
             [0 0 0]
             [0 0 10]
             [0 0 0]
             [0 26 0]
             [0 0 0]
             [0 14 22]
             [0 12 10]
             [0 17 15]
             [0 0 12]
             [0 14 0]
             [0 0 28]
             [0 28 0]
             [0 24 22]
             [0 20 13]
             [0 0 12]
             [0 27 0]
             [0 16 0]
             [0 13 27]
             [0 14 16]
             [0 11 24]
             [0 0 0]
             [0 0 14]
             [0 0 10]
             [0 24 18]
             [0 0 0]]
         [[0 21 14]
             [0 16 0]
             [0 0 14]
             [0 0 0]
             [0 20 25]
             [0 13 23]
             [0 26 23]
             [0 0 17]
             [0 21 16]
             [0 15 10]
             [0 0 18]
             [0 16 0]
             [0 0 25]
             [0 23 0]
             [0 14 19]
             [0 17 24]
             [0 0 28]
             [0 25 12]
             [0 19 26]
             [0 12 0]
             [0 12 28]
             [0 14 0]
             [0 24 0]
             [0 0 14]
             [0 0 0]
             [0 0 0]
             [0 0 12]
             [0 0 0]
             [0 10 0]
             [0 0 0]
             [0 20 21]
             [0 15 12]
             [0 16 16]
             [0 0 14]
             [0 18 0]
             [0 0 29]
             [0 16 0]
             [0 10 25]
             [0 23 17]
             [0 0 26]
             [0 11 0]
             [0 12 0]
             [0 25 25]
             [0 13 30]
             [0 29 22]
             [0 0 0]
             [0 0 25]
             [0 0 11]
             [0 14 23]
             [0 0 0]]
         [[0 23 10]
             [0 25 0]
             [0 0 24]
             [0 0 0]
             [0 28 29]
             [0 14 27]
             [0 21 16]
             [0 0 15]
             [0 21 19]
             [0 18 15]
             [0 0 19]
             [0 16 0]
             [0 0 17]
             [0 16 0]
             [0 19 27]
             [0 16 10]
             [0 0 15]
             [0 30 19]
             [0 14 30]
             [0 23 0]
             [0 21 23]
             [0 28 0]
             [0 18 0]
             [0 0 10]
             [0 0 0]
             [0 0 0]
             [0 0 26]
             [0 0 0]
             [0 14 0]
             [0 0 0]
             [0 10 18]
             [0 30 10]
             [0 26 21]
             [0 0 23]
             [0 17 0]
             [0 0 13]
             [0 30 0]
             [0 11 16]
             [0 15 10]
             [0 0 15]
             [0 22 0]
             [0 14 0]
             [0 21 22]
             [0 28 24]
             [0 15 10]
             [0 0 0]
             [0 0 11]
             [0 0 10]
             [0 12 27]
             [0 0 0]]
         [[0 22 29]
             [0 30 0]
             [0 0 26]
             [0 0 0]
             [0 10 18]
             [0 11 13]
             [0 17 25]
             [0 0 22]
             [0 12 27]
             [0 11 14]
             [0 0 18]
             [0 20 0]
             [0 0 15]
             [0 25 0]
             [0 17 28]
             [0 26 20]
             [0 0 10]
             [0 15 22]
             [0 16 28]
             [0 30 0]
             [0 11 13]
             [0 11 0]
             [0 16 0]
             [0 0 20]
             [0 0 0]
             [0 0 0]
             [0 0 25]
             [0 0 0]
             [0 23 0]
             [0 0 0]
             [0 15 19]
             [0 11 11]
             [0 28 15]
             [0 0 11]
             [0 13 0]
             [0 0 14]
             [0 14 0]
             [0 18 12]
             [0 14 24]
             [0 0 12]
             [0 30 0]
             [0 13 0]
             [0 18 24]
             [0 22 13]
             [0 30 12]
             [0 0 0]
             [0 0 26]
             [0 0 30]
             [0 14 15]
             [0 0 0]]
         [[0 0 0]
             [0 0 0]
             [0 0 0]
             [0 0 0]
             [0 0 0]
             [0 0 0]
             [0 0 0]
             [0 0 0]
             [0 0 0]
             [0 0 0]
             [0 0 0]
             [0 0 0]
             [0 0 0]
             [0 0 0]
             [0 0 0]
             [0 0 0]
             [0 0 0]
             [0 0 0]
             [0 0 0]
             [0 0 0]
             [0 0 0]
             [0 0 0]
             [0 0 0]
             [0 0 0]
             [0 0 0]
             [0 0 0]
             [0 0 0]
             [0 0 0]
             [0 0 0]
             [0 0 0]
             [0 0 0]
             [0 0 0]
             [0 0 0]
             [0 0 0]
             [0 0 0]
             [0 0 0]
             [0 0 0]
             [0 0 0]
             [0 0 0]
             [0 0 0]
             [0 0 0]
             [0 0 0]
             [0 0 0]
             [0 0 0]
             [0 0 0]
             [0 0 0]
             [0 0 0]
             [0 0 0]
             [0 0 0]
             [0 0 0]]
         [[0 0 0]
             [0 0 0]
             [0 0 0]
             [0 0 0]
             [0 0 0]
             [0 0 0]
             [0 0 0]
             [0 0 0]
             [0 0 0]
             [0 0 0]
             [0 0 0]
             [0 0 0]
             [0 0 0]
             [0 0 0]
             [0 0 0]
             [0 0 0]
             [0 0 0]
             [0 0 0]
             [0 0 0]
             [0 0 0]
             [0 0 0]
             [0 0 0]
             [0 0 0]
             [0 0 0]
             [0 0 0]
             [0 0 0]
             [0 0 0]
             [0 0 0]
             [0 0 0]
             [0 0 0]
             [0 0 0]
             [0 0 0]
             [0 0 0]
             [0 0 0]
             [0 0 0]
             [0 0 0]
             [0 0 0]
             [0 0 0]
             [0 0 0]
             [0 0 0]
             [0 0 0]
             [0 0 0]
             [0 0 0]
             [0 0 0]
             [0 0 0]
             [0 0 0]
             [0 0 0]
             [0 0 0]
             [0 0 0]
             [0 0 0]]
         [[0 0 0]
             [0 0 0]
             [0 0 0]
             [0 0 0]
             [0 0 0]
             [0 0 0]
             [0 0 0]
             [0 0 0]
             [0 0 0]
             [0 0 0]
             [0 0 0]
             [0 0 0]
             [0 0 0]
             [0 0 0]
             [0 0 0]
             [0 0 0]
             [0 0 0]
             [0 0 0]
             [0 0 0]
             [0 0 0]
             [0 0 0]
             [0 0 0]
             [0 0 0]
             [0 0 0]
             [0 0 0]
             [0 0 0]
             [0 0 0]
             [0 0 0]
             [0 0 0]
             [0 0 0]
             [0 0 0]
             [0 0 0]
             [0 0 0]
             [0 0 0]
             [0 0 0]
             [0 0 0]
             [0 0 0]
             [0 0 0]
             [0 0 0]
             [0 0 0]
             [0 0 0]
             [0 0 0]
             [0 0 0]
             [0 0 0]
             [0 0 0]
             [0 0 0]
             [0 0 0]
             [0 0 0]
             [0 0 0]
             [0 0 0]]
         [[0 0 0]
             [0 0 0]
             [0 0 0]
             [0 0 0]
             [0 0 0]
             [0 0 0]
             [0 0 0]
             [0 0 0]
             [0 0 0]
             [0 0 0]
             [0 0 0]
             [0 0 0]
             [0 0 0]
             [0 0 0]
             [0 0 0]
             [0 0 0]
             [0 0 0]
             [0 0 0]
             [0 0 0]
             [0 0 0]
             [0 0 0]
             [0 0 0]
             [0 0 0]
             [0 0 0]
             [0 0 0]
             [0 0 0]
             [0 0 0]
             [0 0 0]
             [0 0 0]
             [0 0 0]
             [0 0 0]
             [0 0 0]
             [0 0 0]
             [0 0 0]
             [0 0 0]
             [0 0 0]
             [0 0 0]
             [0 0 0]
             [0 0 0]
             [0 0 0]
             [0 0 0]
             [0 0 0]
             [0 0 0]
             [0 0 0]
             [0 0 0]
             [0 0 0]
             [0 0 0]
             [0 0 0]
             [0 0 0]
             [0 0 0]]];
power1 =  [[[3.2 0 0]
             [4.5 0 0]
             [3.5 0 0]
             [3.8 0 0]
             [4.1 0 0]
             [4.4 0 0]
             [3 0 0]
             [3.8 0 0]
             [4.1 0 0]
             [3.4 0 0]
             [4 0 0]
             [3.5 0 0]
             [4.9 0 0]
             [5 0 0]
             [4.5 0 0]
             [3.8 0 0]
             [5 0 0]
             [5 0 0]
             [4.7 0 0]
             [3 0 0]
             [4.3 0 0]
             [3.3 0 0]
             [3.8 0 0]
             [4.6 0 0]
             [4.3 0 0]
             [3.4 0 0]
             [3 0 0]
             [3 0 0]
             [3.5 0 0]
             [4.4 0 0]
             [3.2 0 0]
             [3.4 0 0]
             [3.9 0 0]
             [4.6 0 0]
             [4.5 0 0]
             [4.6 0 0]
             [4.9 0 0]
             [4 0 0]
             [3.2 0 0]
             [3.1 0 0]
             [3.8 0 0]
             [3.3 0 0]
             [4.5 0 0]
             [3.4 0 0]
             [4.6 0 0]
             [3.1 0 0]
             [3 0 0]
             [3.4 0 0]
             [4.2 0 0]
             [3.9 0 0]]
         [[4.6 0 0]
             [3.6 0 0]
             [3.3 0 0]
             [3.5 0 0]
             [4 0 0]
             [5 0 0]
             [4.6 0 0]
             [3.9 0 0]
             [4.5 0 0]
             [3.4 0 0]
             [3.5 0 0]
             [4 0 0]
             [3.7 0 0]
             [4.1 0 0]
             [4.8 0 0]
             [3.2 0 0]
             [3.9 0 0]
             [3.6 0 0]
             [3.2 0 0]
             [3.6 0 0]
             [4.2 0 0]
             [4.4 0 0]
             [3.9 0 0]
             [5 0 0]
             [3 0 0]
             [3.3 0 0]
             [3.6 0 0]
             [3.3 0 0]
             [4.1 0 0]
             [3.3 0 0]
             [3.8 0 0]
             [3.5 0 0]
             [3.3 0 0]
             [3.1 0 0]
             [3.6 0 0]
             [4 0 0]
             [3.5 0 0]
             [3.6 0 0]
             [4.5 0 0]
             [3.9 0 0]
             [4.8 0 0]
             [3.3 0 0]
             [4 0 0]
             [4.8 0 0]
             [3.6 0 0]
             [3.2 0 0]
             [3.7 0 0]
             [3 0 0]
             [4.3 0 0]
             [3.9 0 0]]
         [[4.3 0 0]
             [3.7 0 0]
             [3.8 0 0]
             [4.7 0 0]
             [4.1 0 0]
             [3.2 0 0]
             [3.1 0 0]
             [4.6 0 0]
             [3.3 0 0]
             [3.2 0 0]
             [4.9 0 0]
             [3.1 0 0]
             [5 0 0]
             [4.3 0 0]
             [3 0 0]
             [4.2 0 0]
             [3.6 0 0]
             [3.8 0 0]
             [4.3 0 0]
             [3.2 0 0]
             [4.5 0 0]
             [3.7 0 0]
             [3.9 0 0]
             [4.1 0 0]
             [3.8 0 0]
             [4 0 0]
             [4.9 0 0]
             [3.9 0 0]
             [3.3 0 0]
             [3.4 0 0]
             [5 0 0]
             [4.3 0 0]
             [3.7 0 0]
             [3.9 0 0]
             [4 0 0]
             [3 0 0]
             [3 0 0]
             [4 0 0]
             [4.5 0 0]
             [3.1 0 0]
             [4.7 0 0]
             [3.4 0 0]
             [4.7 0 0]
             [3.5 0 0]
             [4.3 0 0]
             [3.3 0 0]
             [4 0 0]
             [3 0 0]
             [3.1 0 0]
             [3.8 0 0]]
         [[3.8 0 0]
             [3.8 0 0]
             [4.7 0 0]
             [3.4 0 0]
             [4.3 0 0]
             [4 0 0]
             [4.3 0 0]
             [3.8 0 0]
             [4.5 0 0]
             [3.7 0 0]
             [3.1 0 0]
             [5 0 0]
             [4.5 0 0]
             [3.6 0 0]
             [4.1 0 0]
             [3.9 0 0]
             [4.7 0 0]
             [4.3 0 0]
             [3 0 0]
             [3.6 0 0]
             [4.3 0 0]
             [4.8 0 0]
             [3.1 0 0]
             [4.3 0 0]
             [3.3 0 0]
             [3.8 0 0]
             [3.5 0 0]
             [3.9 0 0]
             [3 0 0]
             [3 0 0]
             [3.2 0 0]
             [3.8 0 0]
             [3 0 0]
             [3.6 0 0]
             [3.5 0 0]
             [4.5 0 0]
             [3.9 0 0]
             [4 0 0]
             [5 0 0]
             [3.6 0 0]
             [4.3 0 0]
             [4.3 0 0]
             [3.8 0 0]
             [3.9 0 0]
             [3.3 0 0]
             [3.6 0 0]
             [3.1 0 0]
             [4.1 0 0]
             [4.6 0 0]
             [4.4 0 0]]
         [[0 3 4.3]
             [0 3.7 3.6]
             [0 4.7 4.2]
             [0 3.6 5]
             [0 3.1 4]
             [0 0 0]
             [0 5 0]
             [0 3.4 4.3]
             [0 4.1 0]
             [0 0 4.5]
             [0 4.2 0]
             [0 4.8 0]
             [0 4.4 0]
             [0 4.3 4.4]
             [0 3.2 4.7]
             [0 4 3.9]
             [0 3.9 5]
             [0 0 4]
             [0 0 0]
             [0 0 0]
             [0 4.8 0]
             [0 4.8 3.9]
             [0 0 4.7]
             [0 5 4.8]
             [0 4.4 3.8]
             [0 0 3.6]
             [0 0 3.9]
             [0 3.5 3.3]
             [0 0 0]
             [0 0 4.4]
             [0 4.9 4.3]
             [0 4.1 0]
             [0 3.4 4.9]
             [0 0 0]
             [0 0 4.7]
             [0 4.9 3.2]
             [0 0 0]
             [0 4 0]
             [0 3.6 0]
             [0 0 4.5]
             [0 4.4 0]
             [0 5 4.4]
             [0 3.5 5]
             [0 4.8 4.2]
             [0 0 3.5]
             [0 4 3.8]
             [0 4.1 3.5]
             [0 3.5 3.3]
             [0 0 3.2]
             [0 3.5 0]]
         [[0 3.7 3.5]
             [0 4.6 3.4]
             [0 4.4 4.9]
             [0 4 5]
             [0 3.4 3.4]
             [0 0 0]
             [0 4.4 0]
             [0 4.9 4.7]
             [0 4.1 0]
             [0 0 3.1]
             [0 4.9 0]
             [0 4.6 0]
             [0 3.1 0]
             [0 4.6 3.7]
             [0 3.3 4.5]
             [0 3 4.2]
             [0 5 3.2]
             [0 0 4.8]
             [0 0 0]
             [0 0 0]
             [0 3.7 0]
             [0 3.7 3.3]
             [0 0 4.1]
             [0 3.1 4.3]
             [0 3.6 4]
             [0 0 4.4]
             [0 0 3.1]
             [0 3.5 4.7]
             [0 0 0]
             [0 0 4.5]
             [0 5 3]
             [0 3.8 0]
             [0 4.1 3.3]
             [0 0 0]
             [0 0 4.6]
             [0 4 4.2]
             [0 0 0]
             [0 3.3 0]
             [0 4.4 0]
             [0 0 3]
             [0 3.8 0]
             [0 3.6 4.9]
             [0 3.4 3.9]
             [0 3.9 4]
             [0 0 3.8]
             [0 4.4 4]
             [0 4 4.7]
             [0 3.1 3.5]
             [0 0 4.6]
             [0 4.5 0]]
         [[0 4.9 3.6]
             [0 3.3 4.3]
             [0 4.6 3.3]
             [0 3.4 4.2]
             [0 3 3.8]
             [0 0 0]
             [0 4.8 0]
             [0 4.2 3]
             [0 4 0]
             [0 0 3.6]
             [0 5 0]
             [0 3.9 0]
             [0 3.5 0]
             [0 4 3.9]
             [0 4 3]
             [0 4.3 3.6]
             [0 3.3 3]
             [0 0 3.8]
             [0 0 0]
             [0 0 0]
             [0 5 0]
             [0 3.7 4.8]
             [0 0 4]
             [0 3.2 4.2]
             [0 3.9 4.8]
             [0 0 3]
             [0 0 4.9]
             [0 4.1 3.4]
             [0 0 0]
             [0 0 4.6]
             [0 3.4 4.9]
             [0 4.8 0]
             [0 3.3 4.8]
             [0 0 0]
             [0 0 3.8]
             [0 4 4.1]
             [0 0 0]
             [0 4 0]
             [0 3.8 0]
             [0 0 5]
             [0 3.3 0]
             [0 3.6 4.6]
             [0 4 4.9]
             [0 4.6 3.5]
             [0 0 3.2]
             [0 3.3 3.8]
             [0 3.5 3.3]
             [0 4.3 3.1]
             [0 0 4.5]
             [0 3.3 0]]
         [[0 4.8 4.9]
             [0 4 4]
             [0 3.3 3.8]
             [0 3.5 4]
             [0 3.8 4]
             [0 0 0]
             [0 3.5 0]
             [0 4.5 4.7]
             [0 3.2 0]
             [0 0 4.4]
             [0 4.4 0]
             [0 3.2 0]
             [0 3.9 0]
             [0 3.7 3.7]
             [0 5 4]
             [0 3.2 4.4]
             [0 3.1 3.3]
             [0 0 3.2]
             [0 0 0]
             [0 0 0]
             [0 3.6 0]
             [0 4.2 3.1]
             [0 0 4.4]
             [0 3.9 3.8]
             [0 3.1 3.8]
             [0 0 5]
             [0 0 4.6]
             [0 4.8 5]
             [0 0 0]
             [0 0 3.5]
             [0 4.6 4.5]
             [0 4.6 0]
             [0 4.7 4.9]
             [0 0 0]
             [0 0 3.4]
             [0 4.6 4.7]
             [0 0 0]
             [0 3.7 0]
             [0 4.4 0]
             [0 0 3.5]
             [0 4.8 0]
             [0 3.2 4.8]
             [0 3.8 5]
             [0 4.2 4.4]
             [0 0 4.8]
             [0 4.2 4]
             [0 3.1 4.9]
             [0 4.2 3.6]
             [0 0 3]
             [0 4.3 0]]
         [[0 4.4 4.1]
             [0 4.6 0]
             [0 0 4.8]
             [0 0 4.4]
             [0 3 3.6]
             [0 4.9 4.8]
             [0 3.6 3.4]
             [0 0 3.1]
             [0 4.4 4.1]
             [0 0 4.8]
             [0 0 4]
             [0 4.1 4]
             [0 3.5 3.1]
             [0 3.2 0]
             [0 0 0]
             [0 4.5 0]
             [0 0 4.5]
             [0 3.2 0]
             [0 4.6 3]
             [0 0 3.8]
             [0 3 4.3]
             [0 4.8 4.6]
             [0 0 0]
             [0 3.9 0]
             [0 0 0]
             [0 3.8 0]
             [0 3.7 0]
             [0 0 3]
             [0 3.8 4.1]
             [0 4.2 4]
             [0 4.1 5]
             [0 3.9 4.4]
             [0 0 3.7]
             [0 3.2 3.5]
             [0 0 4.6]
             [0 0 4.6]
             [0 4 5]
             [0 4.6 4]
             [0 0 0]
             [0 3.5 0]
             [0 3.5 3]
             [0 4.9 0]
             [0 3.7 4.8]
             [0 4.7 0]
             [0 3.5 4.5]
             [0 0 4.4]
             [0 4.1 3.7]
             [0 0 3.6]
             [0 0 4.5]
             [0 4 4.4]]
         [[0 4.1 3.4]
             [0 3.1 0]
             [0 0 3.2]
             [0 0 3]
             [0 3.5 4.4]
             [0 3.8 4.6]
             [0 3 4.8]
             [0 0 3.3]
             [0 3.1 4.4]
             [0 0 5]
             [0 0 4.2]
             [0 4.3 3.6]
             [0 3.9 3.3]
             [0 3.4 0]
             [0 0 0]
             [0 4.9 0]
             [0 0 3.3]
             [0 4.8 0]
             [0 4.7 4.7]
             [0 0 4.1]
             [0 5 3.3]
             [0 3.4 3]
             [0 0 0]
             [0 3.3 0]
             [0 0 0]
             [0 4.2 0]
             [0 3.5 0]
             [0 0 4.2]
             [0 4.5 3.8]
             [0 3.3 4.9]
             [0 3 4.6]
             [0 4 4.1]
             [0 0 4.8]
             [0 5 3.7]
             [0 0 3.9]
             [0 0 3.3]
             [0 4.5 4.1]
             [0 3.9 3.8]
             [0 0 0]
             [0 3.9 0]
             [0 4.7 3.1]
             [0 4.3 0]
             [0 3.8 4.8]
             [0 3 0]
             [0 4.3 4.8]
             [0 0 3.5]
             [0 3.9 4.1]
             [0 0 4.7]
             [0 0 4.3]
             [0 3.8 4]]
         [[0 4.3 5]
             [0 3.8 0]
             [0 0 4.8]
             [0 0 3.2]
             [0 4.5 3.8]
             [0 4 3.4]
             [0 5 3.9]
             [0 0 4.6]
             [0 4.8 3.8]
             [0 0 3.3]
             [0 0 4.4]
             [0 4.9 4]
             [0 4.9 3.8]
             [0 3.4 0]
             [0 0 0]
             [0 4.8 0]
             [0 0 4.8]
             [0 4.5 0]
             [0 4.2 3.8]
             [0 0 3.5]
             [0 4.2 3.2]
             [0 3.3 3]
             [0 0 0]
             [0 3.4 0]
             [0 0 0]
             [0 3 0]
             [0 4 0]
             [0 0 3.7]
             [0 4.2 3.7]
             [0 3.2 3.9]
             [0 4.3 3.9]
             [0 3.1 3]
             [0 0 3.2]
             [0 4.5 4.4]
             [0 0 4]
             [0 0 3.4]
             [0 4.1 3.7]
             [0 4.6 3.1]
             [0 0 0]
             [0 4.6 0]
             [0 3.5 4]
             [0 3.7 0]
             [0 3.9 3.5]
             [0 4.2 0]
             [0 3.5 4.1]
             [0 0 4.3]
             [0 4.9 4.4]
             [0 0 4]
             [0 0 5]
             [0 3.5 5]]
         [[0 3.9 3.5]
             [0 4.7 0]
             [0 0 3.9]
             [0 0 4.7]
             [0 4.4 4.4]
             [0 3.7 4]
             [0 4 4.1]
             [0 0 4.9]
             [0 3 4]
             [0 0 3.9]
             [0 0 4.8]
             [0 4.6 4.2]
             [0 3.5 4]
             [0 3.6 0]
             [0 0 0]
             [0 4.1 0]
             [0 0 3.7]
             [0 3.7 0]
             [0 4.9 3.8]
             [0 0 4.7]
             [0 4 4.1]
             [0 3 4.5]
             [0 0 0]
             [0 3.9 0]
             [0 0 0]
             [0 3.2 0]
             [0 4.8 0]
             [0 0 4.4]
             [0 3.8 4.3]
             [0 3.6 4]
             [0 4.6 4.1]
             [0 4.5 3.9]
             [0 0 4.7]
             [0 5 3.5]
             [0 0 3.2]
             [0 0 4.8]
             [0 4.3 4.4]
             [0 5 5]
             [0 0 0]
             [0 4 0]
             [0 4.7 4.9]
             [0 3.2 0]
             [0 3.3 3.9]
             [0 3.7 0]
             [0 4.5 4.6]
             [0 0 4.9]
             [0 4 4.7]
             [0 0 4.1]
             [0 0 4.4]
             [0 3.7 4.8]]
         [[0 3.8 4.6]
             [0 3.2 0]
             [0 0 4]
             [0 0 0]
             [0 3.5 4.7]
             [0 5 4.1]
             [0 3.9 3.5]
             [0 0 3.6]
             [0 3.3 4]
             [0 4.7 4.1]
             [0 0 4.3]
             [0 4.4 0]
             [0 0 4.9]
             [0 3 0]
             [0 3.4 3.3]
             [0 3.5 3.4]
             [0 0 3]
             [0 4.4 4.7]
             [0 4.5 4.3]
             [0 4.5 0]
             [0 4.7 4.6]
             [0 3.8 0]
             [0 4.8 0]
             [0 0 4.8]
             [0 0 0]
             [0 0 0]
             [0 0 4.5]
             [0 0 0]
             [0 4.8 0]
             [0 0 0]
             [0 3.8 4.6]
             [0 4.2 4]
             [0 4.2 3.7]
             [0 0 3.1]
             [0 4.8 0]
             [0 0 3]
             [0 4.5 0]
             [0 4 4]
             [0 3.4 3.9]
             [0 0 3.7]
             [0 4.3 0]
             [0 3.9 0]
             [0 3.7 4.1]
             [0 3.4 3.5]
             [0 4.7 4.3]
             [0 0 0]
             [0 0 3.6]
             [0 0 3.1]
             [0 3.4 3.2]
             [0 0 0]]
         [[0 3.8 3.1]
             [0 3.7 0]
             [0 0 4.8]
             [0 0 0]
             [0 4.4 3.8]
             [0 3.9 4.1]
             [0 3.5 4]
             [0 0 3.3]
             [0 4.8 5]
             [0 4.9 3.6]
             [0 0 3.5]
             [0 4.4 0]
             [0 0 4.5]
             [0 4.1 0]
             [0 3.8 4.5]
             [0 4.9 4.6]
             [0 0 4.2]
             [0 3.8 4.7]
             [0 4.5 4]
             [0 3.5 0]
             [0 5 3.6]
             [0 3.6 0]
             [0 4.3 0]
             [0 0 3.3]
             [0 0 0]
             [0 0 0]
             [0 0 3.7]
             [0 0 0]
             [0 3.8 0]
             [0 0 0]
             [0 3.5 3.1]
             [0 3.3 4.5]
             [0 3.3 4.1]
             [0 0 4.7]
             [0 3.3 0]
             [0 0 4.3]
             [0 4.7 0]
             [0 4.3 3.5]
             [0 3.2 3]
             [0 0 3]
             [0 4 0]
             [0 4.6 0]
             [0 5 5]
             [0 4 4.4]
             [0 3.5 3.4]
             [0 0 0]
             [0 0 3.8]
             [0 0 4.3]
             [0 4.4 3.3]
             [0 0 0]]
         [[0 3.8 3.7]
             [0 4 0]
             [0 0 4.7]
             [0 0 0]
             [0 3.8 3.4]
             [0 4.5 3.9]
             [0 3.2 4.4]
             [0 0 3.3]
             [0 3.2 5]
             [0 5 3.1]
             [0 0 4.4]
             [0 3 0]
             [0 0 4]
             [0 3.6 0]
             [0 3.6 4.3]
             [0 3.3 4.8]
             [0 0 4.7]
             [0 4.2 4.8]
             [0 4.5 3.5]
             [0 3.4 0]
             [0 3.1 4.1]
             [0 3.3 0]
             [0 3.6 0]
             [0 0 3.4]
             [0 0 0]
             [0 0 0]
             [0 0 4.8]
             [0 0 0]
             [0 3.6 0]
             [0 0 0]
             [0 4.8 4.7]
             [0 3.7 3.7]
             [0 4.6 4.1]
             [0 0 3.1]
             [0 3.4 0]
             [0 0 3.4]
             [0 5 0]
             [0 3.1 3.4]
             [0 4.5 3.4]
             [0 0 3.4]
             [0 3.9 0]
             [0 3.5 0]
             [0 4.2 4.5]
             [0 4.9 4.5]
             [0 4 4.9]
             [0 0 0]
             [0 0 3]
             [0 0 3]
             [0 3.6 3.7]
             [0 0 0]]
         [[0 4.4 3.5]
             [0 3.6 0]
             [0 0 3]
             [0 0 0]
             [0 4 3.1]
             [0 3 4]
             [0 4.6 4.6]
             [0 0 4.1]
             [0 4.7 4.6]
             [0 3.8 4]
             [0 0 4.3]
             [0 4 0]
             [0 0 4.8]
             [0 3.5 0]
             [0 3.3 4.9]
             [0 5 3.1]
             [0 0 3.2]
             [0 3.9 4]
             [0 4.1 3.8]
             [0 4.8 0]
             [0 3.7 4.8]
             [0 4.7 0]
             [0 3.7 0]
             [0 0 3.1]
             [0 0 0]
             [0 0 0]
             [0 0 4.3]
             [0 0 0]
             [0 3.9 0]
             [0 0 0]
             [0 5 4]
             [0 3.3 4.5]
             [0 4.7 3.4]
             [0 0 4]
             [0 4.3 0]
             [0 0 4.4]
             [0 3.5 0]
             [0 4.1 3.2]
             [0 3.6 3.5]
             [0 0 3.9]
             [0 3.9 0]
             [0 4.6 0]
             [0 3.1 3.7]
             [0 3.4 4.7]
             [0 3.6 3.5]
             [0 0 0]
             [0 0 3.4]
             [0 0 3.1]
             [0 4.9 4.4]
             [0 0 0]]
         [[0 0 0]
             [0 0 0]
             [0 0 0]
             [0 0 0]
             [0 0 0]
             [0 0 0]
             [0 0 0]
             [0 0 0]
             [0 0 0]
             [0 0 0]
             [0 0 0]
             [0 0 0]
             [0 0 0]
             [0 0 0]
             [0 0 0]
             [0 0 0]
             [0 0 0]
             [0 0 0]
             [0 0 0]
             [0 0 0]
             [0 0 0]
             [0 0 0]
             [0 0 0]
             [0 0 0]
             [0 0 0]
             [0 0 0]
             [0 0 0]
             [0 0 0]
             [0 0 0]
             [0 0 0]
             [0 0 0]
             [0 0 0]
             [0 0 0]
             [0 0 0]
             [0 0 0]
             [0 0 0]
             [0 0 0]
             [0 0 0]
             [0 0 0]
             [0 0 0]
             [0 0 0]
             [0 0 0]
             [0 0 0]
             [0 0 0]
             [0 0 0]
             [0 0 0]
             [0 0 0]
             [0 0 0]
             [0 0 0]
             [0 0 0]]
         [[0 0 0]
             [0 0 0]
             [0 0 0]
             [0 0 0]
             [0 0 0]
             [0 0 0]
             [0 0 0]
             [0 0 0]
             [0 0 0]
             [0 0 0]
             [0 0 0]
             [0 0 0]
             [0 0 0]
             [0 0 0]
             [0 0 0]
             [0 0 0]
             [0 0 0]
             [0 0 0]
             [0 0 0]
             [0 0 0]
             [0 0 0]
             [0 0 0]
             [0 0 0]
             [0 0 0]
             [0 0 0]
             [0 0 0]
             [0 0 0]
             [0 0 0]
             [0 0 0]
             [0 0 0]
             [0 0 0]
             [0 0 0]
             [0 0 0]
             [0 0 0]
             [0 0 0]
             [0 0 0]
             [0 0 0]
             [0 0 0]
             [0 0 0]
             [0 0 0]
             [0 0 0]
             [0 0 0]
             [0 0 0]
             [0 0 0]
             [0 0 0]
             [0 0 0]
             [0 0 0]
             [0 0 0]
             [0 0 0]
             [0 0 0]]
         [[0 0 0]
             [0 0 0]
             [0 0 0]
             [0 0 0]
             [0 0 0]
             [0 0 0]
             [0 0 0]
             [0 0 0]
             [0 0 0]
             [0 0 0]
             [0 0 0]
             [0 0 0]
             [0 0 0]
             [0 0 0]
             [0 0 0]
             [0 0 0]
             [0 0 0]
             [0 0 0]
             [0 0 0]
             [0 0 0]
             [0 0 0]
             [0 0 0]
             [0 0 0]
             [0 0 0]
             [0 0 0]
             [0 0 0]
             [0 0 0]
             [0 0 0]
             [0 0 0]
             [0 0 0]
             [0 0 0]
             [0 0 0]
             [0 0 0]
             [0 0 0]
             [0 0 0]
             [0 0 0]
             [0 0 0]
             [0 0 0]
             [0 0 0]
             [0 0 0]
             [0 0 0]
             [0 0 0]
             [0 0 0]
             [0 0 0]
             [0 0 0]
             [0 0 0]
             [0 0 0]
             [0 0 0]
             [0 0 0]
             [0 0 0]]
         [[0 0 0]
             [0 0 0]
             [0 0 0]
             [0 0 0]
             [0 0 0]
             [0 0 0]
             [0 0 0]
             [0 0 0]
             [0 0 0]
             [0 0 0]
             [0 0 0]
             [0 0 0]
             [0 0 0]
             [0 0 0]
             [0 0 0]
             [0 0 0]
             [0 0 0]
             [0 0 0]
             [0 0 0]
             [0 0 0]
             [0 0 0]
             [0 0 0]
             [0 0 0]
             [0 0 0]
             [0 0 0]
             [0 0 0]
             [0 0 0]
             [0 0 0]
             [0 0 0]
             [0 0 0]
             [0 0 0]
             [0 0 0]
             [0 0 0]
             [0 0 0]
             [0 0 0]
             [0 0 0]
             [0 0 0]
             [0 0 0]
             [0 0 0]
             [0 0 0]
             [0 0 0]
             [0 0 0]
             [0 0 0]
             [0 0 0]
             [0 0 0]
             [0 0 0]
             [0 0 0]
             [0 0 0]
             [0 0 0]
             [0 0 0]]];
