m	inst	e_common	e_prod	e_idle	e_total	Sec	limit	gap	cmax	bin
CP	Behnke1.dat	6226	76180.3	10146.9	92553.2	2.17	300	0	68
Cmax	Behnke1.dat	6226	80901.8	10029.8	97157.6	0.466	300	0.073529412	68
MIP	Behnke1.dat	7148	65620.2	12765.9	85534.1	300.594	300	0.189716909	79	66600
CP	Behnke2.dat	6860	70388.6	8796.6	86045.2	9.42	300	0	74
Cmax	Behnke2.dat	6860	80554.5	8690.8	96105.3	0.885	300	0	74
MIP	Behnke2.dat	7774	61257.6	11029.3	80060.9	300.14	300	0.255601377	86	69480
CP	Behnke3.dat	6756	67640.2	10286.7	84682.9	157.125	300	0	72
Cmax	Behnke3.dat	6756	73203.1	9938	89897.1	0.491	300	0	72
MIP	Behnke3.dat	6966	63976.5	10680.2	81622.7	300.25	300	0.052633613	76	70920
CP	Behnke4.dat	7018	77043.6	9118.3	93179.9	3.001	300	0	77
Cmax	Behnke4.dat	7018	83493.4	8909.1	99420.5	1.066	300	0	77
MIP	Behnke4.dat	7076	75644.8	9185	91905.8	300.406	300	0.140211165	78	69480
CP	Behnke5.dat	6914	74148.4	9042.9	90105.3	9.246	300	0	75
Cmax	Behnke5.dat	6914	79939.9	9031.3	95885.2	0.497	300	0	75
MIP	Behnke5.dat	7690	71857.6	10980.1	90527.7	300.172	300	0.275155745	85	68040
