m	inst	e_common	e_prod	e_idle	e_total	Sec	limit	gap	cmax	bin
CP	Behnke1.dat	3113	76180.3	10146.9	89440.2	0.908	300	0	68
Cmax	Behnke1.dat	3113	80901.8	10029.8	94044.6	0.279	300	0.073529412	68
MIP	Behnke1.dat	3404	73979.5	11441	88824.5	300.297	300	0.123272518	73	66600
CP	Behnke2.dat	3430	70388.6	8796.6	82615.2	11.174	300	0	74
Cmax	Behnke2.dat	3430	80554.5	8690.8	92675.3	0.887	300	0	74
MIP	Behnke2.dat	3845	65454.5	10691.8	79991.3	300.266	300	0.246885475	85	69480
CP	Behnke3.dat	3378	67640.2	10286.7	81304.9	117.297	300	0	72
Cmax	Behnke3.dat	3378	73203.1	9938	86519.1	0.468	300	0	72
MIP	Behnke3.dat	3378	67640.2	10286.7	81304.9	282.547	300	0	72	70920
CP	Behnke4.dat	3509	77043.6	9118.3	89670.9	5.283	300	0	77
Cmax	Behnke4.dat	3509	83493.4	8909.1	95911.5	0.69	300	0	77
MIP	Behnke4.dat	3620	71062	9643.8	84325.8	300.093	300	0.161794205	80	69480
CP	Behnke5.dat	3457	74148.4	9042.9	86648.3	7.354	300	0	75
Cmax	Behnke5.dat	3457	79939.9	9031.3	92428.2	0.248	300	0	75
MIP	Behnke5.dat	3756	64286.8	10801.1	78843.9	300.328	300	0.257637372	83	68040
CP	Behnke6.dat	4583	130119.2	10664.6	145366.8	300.025	300	0.393939394	99
Cmax	Behnke6.dat	4583	146821.6	10374	161778.6	300.006	300	0.393939394	99
MIP	Behnke6.dat	11685	106819.4	38249.5	156753.9	300.187	300	0.680120852	252	154440
CP	Behnke7.dat	4504	142361.2	9076	155941.2	300.041	300	0.302083333	96
Cmax	Behnke7.dat	4393	156719.2	8374.7	169486.9	300.03	300	0.287234043	94
MIP	Behnke7.dat	12412	111110.7	38818.199999999	162340.899999999	300.172	300	0.784527606	265	151560
CP	Behnke8.dat	4635	135928.4	10905.6	151469	300.034	300	0.405940594	101
Cmax	Behnke8.dat	4556	157768.2	9689.8	172014	300.013	300	0.387755102	98
MIP	Behnke8.dat	6333	115698.2	18677.3	140708.5	300.281	300	0.551935765	138	142920
CP	Behnke9.dat	4530	131274.3	10741.2	146545.5	300.032	300	0.463917526	97
Cmax	Behnke9.dat	4530	165678.1	9878.8	180086.9	300.023	300	0.453608247	97
MIP	Behnke9.dat	5826	112796.6	17131.7	135754.3	300.25	300	0.406144415	127	150120
CP	Behnke10.dat	4929	141957.7	12345.3	159232	300.034	300	0.222222222	108
Cmax	Behnke10.dat	4882	168229.3	11638.3	184749.6	300.017	300	0.214953271	107
MIP	Behnke10.dat	9034	121737.1	29704.7	160475.8	300.156	300	0.538354921	193	137160
CP	Behnke11.dat	9644	350569.7	17645.1	377858.8	300.01	300	0.708133971	209
Cmax	Behnke11.dat	9557	412403.3	14961.5	436921.8	300.055	300	0.70531401	207
MIP	Behnke11.dat	16890	473235.600000001	36514.5	526640.1	300.406	300	0.840249039	360	370440
CP	Behnke12.dat	9204	329995.6	22398.8	361598.4	300.008	300	0.693467337	199
Cmax	Behnke12.dat	9113	395587	17727.6	422427.6	300.066	300	0.68877551	196
MIP	Behnke12.dat	16890	439796.4	49877.600000001	506564.000000001	300.406	300	0.866088148	360	357480
CP	Behnke13.dat	9475	331173.9	19372.7	360021.6	300.038	300	0.726829268	205
Cmax	Behnke13.dat	9250	395422.7	16290.6	420963.3	300.009	300	0.72	200
MIP	Behnke13.dat	16890	443489.1	42362	502741.1	300.421	300	0.962215049	360	366120
CP	Behnke14.dat	9433	347631.1	21107.9	378172	300.062	300	0.705882353	204
Cmax	Behnke14.dat	9204	391841.1	17753.9	418799	300.07	300	0.693467337	199
MIP	Behnke14.dat	16890	466480.3	47000.4	530370.7	300.422	300	0.84961236	360	338760
CP	Behnke15.dat	9294	341055	16141.2	366490.2	300.01	300	0.731343284	201
Cmax	Behnke15.dat	9168	428772.7	13288.2	451228.9	300.049	300	0.722222222	198
MIP	Behnke15.dat	16142	429363.5	38182.099999999	483687.599999999	300.422	300	0.960867462	347	353160
