m	inst	e_common	e_prod	e_idle	e_total	Sec	limit	gap	cmax	bin
CP	sfjs01	467	1752.2	66.9	2286.1	0.018	300	0	13
Cmax	sfjs01	467	1752.2	66.9	2286.1	0.016	300	0	13
MIP	sfjs01	467	1752.2	66.9	2286.1	0.781	300	0	13	3240
CP	sfjs02	509	2757.9	67.1	3334	0.007	300	0	14
Cmax	sfjs02	509	2757.9	67.1	3334	0.014	300	0	14
MIP	sfjs02	509	2757.9	67.1	3334	0.656	300	0	14	2520
CP	sfjs03	1152	7799.3	41.1	8992.4	0.015	300	0	25
Cmax	sfjs03	1152	7971.3	41.1	9164.4	0.011	300	0	25
MIP	sfjs03	1152	7799.3	41.1	8992.4	0.719	300	0	25	3960
CP	sfjs04	1987	12158.1	159.2	14304.3	0.123	300	0	44
Cmax	sfjs04	1987	12635.9	139.2	14762.1	0.016	300	0	44
MIP	sfjs04	1987	12158.1	159.2	14304.3	1.609	300	0	44	3960
CP	sfjs05	636	2889.7	80.4	3606.1	0.017	300	0	17
Cmax	sfjs05	636	2889.7	80.4	3606.1	0.018	300	0	17
MIP	sfjs05	636	2889.7	80.4	3606.1	2.938	300	0	17	4680
CP	sfjs06	1675	11499	412.3	13586.3	0.02	300	0	39
Cmax	sfjs06	1675	11693.4	404.4	13772.8	0.014	300	0	39
MIP	sfjs06	1675	11499	412.3	13586.3	2.375	300	0	39	5760
CP	sfjs07	2331	13544.5	1401	17276.5	0.018	300	0	51
Cmax	sfjs07	2331	15677.5	1298.4	19306.9	0.022	300	0	51
MIP	sfjs07	2331	13544.5	1401	17276.5	5.25	300	0	51	6840
CP	sfjs08	1412	9760.2	506	11678.2	0.112	300	0	33
Cmax	sfjs08	1412	10564.3	490	12466.3	0.02	300	0	33
MIP	sfjs08	1412	9760.2	506	11678.2	5.593	300	0	33	6840
CP	sfjs09	1205	7991.8	243.7	9440.5	0.186	300	0	27
Cmax	sfjs09	1205	8000.4	243.5	9448.9	0.021	300	0	27
MIP	sfjs09	1205	7991.8	243.7	9440.5	3.078	300	0	27	6840
CP	sfjs10	2955	28004.4	1304.1	32263.5	0.374	300	0	66
Cmax	sfjs10	2955	29071.8	1280.7	33307.5	0.015	300	0	66
MIP	sfjs10	2955	28004.4	1304.1	32263.5	6.031	300	0	66	7560
CP	mfjs01	2494	33730.5	1468	37692.5	0.111	300	0	56
Cmax	mfjs01	2494	34683.2	1383	38560.2	0.037	300	0	56
MIP	mfjs01	2494	33730.5	1468	37692.5	19.64	300	0	56	12240
CP	mfjs02	2357	32811.8	1678.3	36847.1	0.104	300	0	52
Cmax	mfjs02	2357	33635.2	1660.8	37653	0.045	300	0	52
MIP	mfjs02	2357	32811.8	1678.3	36847.1	49.297	300	0	52	14400
CP	mfjs03	2630	36817.5	1699.4	41146.9	0.346	300	0	59
Cmax	mfjs03	2630	40675.9	1647.3	44953.2	0.074	300	0	59
MIP	mfjs03	2630	36817.5	1699.4	41146.9	52.36	300	0	59	17640
CP	mfjs04	2955	46423.5	1688.5	51067	0.31	300	0	66
Cmax	mfjs04	2955	48996.2	1565	53516.2	0.039	300	0	66
MIP	mfjs04	2955	46423.5	1688.5	51067	84.422	300	0	66	20520
CP	mfjs05	2840	46423.1	1731.6	50994.7	0.471	300	0	64
Cmax	mfjs05	2840	47011	1713.4	51564.4	0.074	300	0	64
MIP	mfjs05	2840	46423.1	1731.6	50994.7	85.782	300	0	64	20160
CP	mfjs06	3483	55401.9	1873.7	60758.6	0.624	300	0	76
Cmax	mfjs06	3483	62209.2	1609.6	67301.8	0.236	300	0	76
MIP	mfjs06	3483	55401.9	1873.7	60758.6	190.172	300	0	76	22680
CP	mfjs07	4556	76197.8	2260.3	83014.1	3.971	300	0	98
Cmax	mfjs07	4556	82330.4	2131.1	89017.5	0.626	300	0	98
MIP	mfjs07	4790	69915	2625.2	77330.2	300.297	300	0.095142606	105	28440
CP	mfjs08	4556	95795.2	2525.9	102877.1	7.149	300	0	98
Cmax	mfjs08	4556	97835.9	2436.7	104828.6	1.208	300	0	98
MIP	mfjs08	4790	85201.9	3129.4	93121.3	300.203	300	0.076134933	105	31320
CP	mfjs09	5519	113719.2	2794	122032.2	109.573	300	0	118
Cmax	mfjs09	5519	120354.5	2616.3	128489.8	55.147	300	0	118
MIP	mfjs09	6861	108828.7	4814.8	120504.5	300.172	300	0.303776769	148	37440
CP	mfjs10	6266	128748.3	2737.3	137751.6	95.456	300	0	137
Cmax	mfjs10	6266	136416.6	2571.5	145254.1	12.858	300	0	137
MIP	mfjs10	8349	126637.4	6024.1	141010.5	301.187	300	0.363366427	181	40680
