m	inst	e_common	e_prod	e_idle	e_total	Sec	limit	gap	cmax	bin
CP	sfjs01	650	1733	25.5	2408.5	0.014	300	0	10
Cmax	sfjs01	650	1755.4	24.1	2429.5	0.014	300	0	10
MIP	sfjs01	650	1733	25.5	2408.5	0.656	300	0	10	3240
CP	sfjs02	1018	2757.9	67.1	3843	0.01	300	0	14
Cmax	sfjs02	1018	2757.9	67.1	3843	0.014	300	0	14
MIP	sfjs02	1018	2757.9	67.1	3843	0.891	300	0	14	2520
CP	sfjs03	2304	7738.1	44.5	10086.6	0.015	300	0	25
Cmax	sfjs03	2304	7971.3	41.1	10316.4	0.014	300	0	25
MIP	sfjs03	2304	7738.1	44.5	10086.6	0.938	300	0	25	3960
CP	sfjs04	3350	11775.3	46.6	15171.9	0.015	300	0	39
Cmax	sfjs04	3350	11987.2	41.3	15378.5	0.013	300	0	39
MIP	sfjs04	3350	11775.3	46.6	15171.9	1.578	300	0	39	3960
CP	sfjs05	1018	3003.5	25.7	4047.2	0.018	300	0	14
Cmax	sfjs05	1018	3422.1	13.7	4453.8	0.018	300	0	14
MIP	sfjs05	1018	3003.5	25.7	4047.2	1.875	300	0	14	4680
CP	sfjs06	2824	14639.6	106	17569.6	0.021	300	0	33
Cmax	sfjs06	2824	14639.6	106	17569.6	0.015	300	0	33
MIP	sfjs06	2824	14639.6	106	17569.6	5.781	300	0	33	5760
CP	sfjs07	3524	14359.8	789.1	18672.9	0.018	300	0	41
Cmax	sfjs07	3524	16354.2	769.1	20647.3	0.014	300	0	41
MIP	sfjs07	3524	14359.8	789.1	18672.9	7.375	300	0	41	6840
CP	sfjs08	2462	9533.9	372	12367.9	0.023	300	0	28
Cmax	sfjs08	2462	10342.5	306.7	13111.2	0.026	300	0	28
MIP	sfjs08	2462	9533.9	372	12367.9	9.391	300	0	28	6840
CP	sfjs09	2156	8206.2	154.1	10516.3	0.03	300	0	23
Cmax	sfjs09	2156	8358.2	158.6	10672.8	0.019	300	0	23
MIP	sfjs09	2156	8206.2	154.1	10516.3	2.688	300	0	23	6840
CP	sfjs10	4714	29649.1	679.1	35042.2	0.208	300	0	52
Cmax	sfjs10	4714	30262.6	629.8	35606.4	0.022	300	0	52
MIP	sfjs10	4714	29649.1	679.1	35042.2	4.75	300	0	52	7560
CP	mfjs01	5354	29467.8	1681.2	36503	0.582	300	0	60
Cmax	mfjs01	5354	35136.8	1512.8	42003.6	0.04	300	0	60
MIP	mfjs01	5354	29467.8	1681.2	36503	22.813	300	0	60	12240
CP	mfjs02	4896	33652	1606.5	40154.5	0.255	300	0	55
Cmax	mfjs02	4896	34466.4	1588	40950.4	0.055	300	0	55
MIP	mfjs02	4896	33652	1606.5	40154.5	46.25	300	0	55	14400
CP	mfjs03	5076	40537.9	1550.5	47164.4	0.353	300	0	57
Cmax	mfjs03	5076	42430.5	1587.6	49094.1	0.093	300	0	57
MIP	mfjs03	5076	40537.9	1550.5	47164.4	51.515	300	0	57	17640
CP	mfjs04	6660	47534.8	2017.2	56212	0.478	300	0	71
Cmax	mfjs04	6660	52030.3	1815.2	60505.5	0.055	300	0	71
MIP	mfjs04	6660	47533.8	2017.3	56211.1	75.094	300	0	71	20520
CP	mfjs05	5354	45856.7	1477.5	52688.2	0.16	300	0	60
Cmax	mfjs05	5354	48267.2	1384.8	55006	0.141	300	0	60
MIP	mfjs05	5354	45856.7	1477.5	52688.2	99.609	300	0	60	20160
CP	mfjs06	6534	58268.4	1608.8	66411.2	0.957	300	0	70
Cmax	mfjs06	6534	61081.1	1367.3	68982.4	0.316	300	0	70
MIP	mfjs06	6534	58268.4	1608.8	66411.2	138.234	300	0	70	22680
CP	mfjs07	9166	75481.8	2325.6	86973.4	1.669	300	0	99
Cmax	mfjs07	9166	80118.8	2189.9	91474.7	0.635	300	0	99
MIP	mfjs07	9218	75635.6	2426.9	87280.5	300.235	300	0.03999768	100	28440
CP	mfjs08	9166	90429.8	2700.6	102296.4	7.677	300	0	99
Cmax	mfjs08	9166	96891.2	2509.6	108566.8	1.053	300	0	99
MIP	mfjs08	9658	85358.5	3119.6	98136.1	300.093	300	0.158236365	106	31320
CP	mfjs09	11364	120997.8	2760.2	135122	74.268	300	0	122
Cmax	mfjs09	11364	124444.7	2749.3	138558	32.777	300	0	122
MIP	mfjs09	12278	108419.3	3827.7	124525	300.078	300	0.193868122	134	37440
CP	mfjs10	12016	137126.4	2414.3	151556.7	220.295	300	0	131
Cmax	mfjs10	12016	141235.3	2336.8	155588.1	55.992	300	0	131
MIP	mfjs10	14784	127548.9	4620.8	146953.7	300.297	300	0.266355563	161	40680
